Pais|Aceites y grasas|Acuícola y pesquero|Agroindustrial|Agroquímicos|Artesanías|Artículos de hogar oficina hoteles e industrial|Autopartes|Avícola|Azúcar|Banano|Bebidas|Bovino|Cacao y sus derivados|Café|Calzado|Comunicación gráfica y editorial|Cosméticos y productos de aseo|Cuero y manufacturas de cuero|Cárnico|Derivados del café|Dotación Hospitalaria|Dotación hospitalaria|Envases/Empaques|Envases/empaques|Farmacéutico|Flores y plantas vivas|Frutas y hortalizas frescas y procesadas|Instrumentos y aparatos|Joyería y bisutería|Lácteos y sus derivados|Material Promocional|Materiales de construcción|Metalmecánica|Muebles y maderas|Otros agrícola|Otros pecuario|Papel y cartón|Plástico y caucho|Porcino|Químico|Textiles y Confecciones|Textiles y confecciones|Vehículos y otros medios de transporte
Afganistán|0.287503|0.24624789|0.20073324|0.23462701|0.25446579|0.24540702|0.6037004|0.30102012|0.25854003|0.23608458|0.2589097|0.32097089|0.18876618|0.19403607|0.34358561|0.11332318|0.25514859|0.21114433|0.31915021|0.22986989|0.410882|0.25114232|0.27000415|0.31077534|0.15083311|0.5406853|0.16798183|0.1628449|0.29851347|0.3150554|0.24364281|0.5870164|0.16003227|0.19442371|0.27882135|0.33262441|0.27913171|0.17641096|0.37243938|0.14146593|0.46338591|0.28727457|0.17330787
Albania|0.43533507|0.41266024|0.30779833|0.63615137|0.4236902|0.34553292|0.3646282|0.49079016|0.52712208|0.63150287|0.43467522|0.47164005|0.25401026|0.48986065|0.41915774|0.47350422|0.61055839|0.73295963|0.52236128|0.3312026|0.7391988|0.52774924|0.41963398|0.57249695|0.39536312|0.26527393|0.37666678|0.33860314|0.42812639|0.49735278|0.38109761|0.36831462|0.41431791|0.33889312|0.41340029|0.47015846|0.42347211|0.49316853|0.52979225|0.32915717|0.53442621|0.56597179|0.64216316
Alemania|0.72715926|0.71043944|0.57433009|0.40537292|0.70221782|0.61933613|0.6883077|0.2563481|0.80682015|0.88094783|0.68102896|0.35341519|0.63472927|0.84842205|0.52989423|0.68309963|0.66184175|0.65824068|0.47802028|0.79269087|0.563016|0.70540369|0.82939434|0.63461077|0.50566614|0.57656687|0.80324519|0.54547173|0.70369935|0.28313494|0.43515092|0.50566876|0.59914356|0.62723494|0.73890376|0.83711839|0.61323631|0.64196897|0.52594638|0.58635968|0.63843167|0.6651569|0.58773082
Andorra|0.070051581|0.057077184|0.049187161|0.072355241|0.066903815|0.052857362|0.047588233|0.052589498|0.052727867|0.055321172|0.066031113|0.051746529|0.051229659|0.043850362|0.080254883|0.071304463|0.054132946|0.059108041|0.055201598|0.051345721|0.12467144|0.066572607|0.38224563|0.084678337|0.057569087|0.04387128|0.054693781|0.031186447|0.070821851|0.059669979|0.068485603|0.41145301|0.046833552|0.062411301|0.06248441|0.06228517|0.041222543|0.048486184|0.060270246|0.045071427|0.07525178|0.082395419|0.04695214
Angola|0.32694203|0.2717858|0.74292439|0.35456747|0.29148406|0.47764212|0.51982236|0.40075445|0.48219645|0.25628102|0.26953742|0.81035638|0.22683035|0.15655237|0.70618498|0.20624015|0.64575708|0.28811851|0.28175956|0.22248703|0.60204923|0.38445568|0.59583211|0.46602398|0.31674826|0.20837128|0.22829187|0.44774824|0.29577357|0.41787681|0.33334965|0.17553824|0.61691266|0.24633136|0.76278496|0.34920245|0.40135092|0.50158274|0.37562498|0.43266872|0.58593386|0.44827729|0.32544243
Anguila|0.52004647|0.51270431|0.44438219|0.54236835|0.50904751|0.63067383|0.49798137|0.63496673|0.44146615|0.53759217|0.54278064|0.61734939|0.42209083|0.41297108|0.57925463|0.59928405|0.53652692|0.48941237|0.62739581|0.45138258|0.95337343|0.46734452|0.69652677|0.72858119|0.47821972|0.41214931|0.49206147|0.47569996|0.56099015|0.62543339|0.5538668|0.68695939|0.41116279|0.67243904|0.5680064|0.60729373|0.57668698|0.57388252|0.69491422|0.46959513|0.68450379|0.73892093|0.5510298
Antigua y Barbuda|0.57640684|0.41613045|0.57844484|0.49081719|0.45749798|0.67721909|0.45354158|0.57589298|0.75181413|0.39359334|0.49627107|0.51099926|0.71392941|0.3444421|0.77156967|0.60234201|0.48596948|0.79735172|0.59333444|0.64661121|0.86698055|0.66342258|0.75844705|0.7603457|0.40679193|0.45558977|0.40475628|0.81029773|0.69289625|0.60574627|0.50790745|0.71484321|0.59559596|0.55924582|0.51475501|0.49593633|0.52262574|0.4984844|0.59891015|0.53726619|0.70987701|0.67211342|0.81482393
Arabia Saudita|0.56964773|0.097995579|0.41484249|0.08787255|0.38576129|0.55713719|0.52441442|0.1098769|0.31115577|0.40914455|0.1014332|0.85680068|0.57847893|0.71163332|0.13873741|0.34881601|0.47281748|0.19359264|0.10319693|0.51096702|0.17928579|0.10343098|0.27275902|0.13058162|0.35392728|0.51367313|0.57361519|0.50125206|0.41154695|0.12636521|0.57203853|0.33685613|0.50382578|0.50919652|0.61197543|0.079057738|0.45276394|0.40023413|0.073622048|0.21899283|0.54535055|0.2743395|0.23585299
Argelia|0.56321967|0.3267681|0.25759977|0.30465418|0.34818375|0.49844688|0.540259|0.45410502|0.547153|0.76956618|0.38004625|0.42227018|0.29857042|0.5478304|0.4117296|0.27278346|0.33704257|0.34043002|0.37040514|0.31087339|0.70765013|0.37385386|0.35473433|0.54905593|0.38106281|0.25634098|0.27630237|0.51300758|0.36158961|0.47280923|0.38865936|0.49110496|0.48001081|0.3488701|0.70746088|0.39471459|0.44499242|0.53548527|0.3939147|0.56600827|0.29986021|0.53426409|0.39760643
Argentina|0.8074007|0.43432721|0.7388947|0.79594809|0.81607866|0.83855259|0.78477037|0.54399371|0.43468654|0.7848711|0.55541396|0.50733042|0.6378541|0.73211521|0.72765362|0.76400995|0.69210494|0.69112402|0.55319613|0.78901625|0.89538282|0.84072971|0.82016802|0.83048904|0.74082524|0.69371462|0.72186202|0.73132205|0.81479454|0.5348351|0.67146838|0.66218311|0.74654162|0.67732286|0.76604706|0.80467093|0.82724541|0.87953949|0.65353668|0.78061247|0.77887702|0.81473458|0.72614074
Armenia|0.18193123|0.15185952|0.13698262|0.48482683|0.18895149|0.1385617|0.13707426|0.15988366|0.20066735|0.17520779|0.13214847|0.16303423|0.29506597|0.26755136|0.20952775|0.28561795|0.17790224|0.14321233|0.21097761|0.13901347|0.28941441|0.13805798|0.72966313|0.3984406|0.13460749|0.31060231|0.44975221|0.13509125|0.17489913|0.20012538|0.17478102|0.120388|0.11143732|0.15344021|0.16983894|0.18873969|0.12337106|0.13342851|0.31231317|0.11918221|0.13510028|0.18892545|0.18160075
Aruba|0.71755481|0.7971524|0.78261364|0.62063909|0.82248944|0.75645053|0.80089283|0.75525874|0.8316257|0.78036332|0.83816171|0.61384803|0.75032616|0.63371289|0.77724493|0.7599988|0.76256871|0.62310565|0.76744199|0.74248183|0.77535295|0.73473847|0.79760218|0.76732349|0.65537453|0.70820683|0.81915247|0.70161879|0.67724645|0.94691104|0.83479941|0.77315873|0.72882199|0.81991506|0.88892853|0.75693882|0.81559801|0.65764523|0.71013659|0.71748543|0.74200666|0.76567405|0.72283924
Australia|0.61241412|0.1887542|0.63705575|0.68361914|0.67596948|0.60204375|0.64575708|0.29175299|0.6767897|0.52743912|0.74454373|0.28113383|0.59138477|0.7399174|0.57406884|0.087583758|0.58049649|0.59012318|0.28903335|0.69809514|0.45774865|0.34794492|0.55767655|0.53649145|0.60858667|0.67112076|0.71303767|0.52901024|0.53964382|0.30313733|0.81415451|0.36071783|0.46095014|0.57937157|0.65734184|0.21353546|0.60776979|0.44808418|0.32130766|0.6102097|0.54808795|0.56885511|0.56108022
Austria|0.59046674|0.68658048|0.65810871|0.53479505|0.49802661|0.35585937|0.66088885|0.38316655|0.26512027|0.55871725|0.71145046|0.34610412|0.51653194|0.61324799|0.31633547|0.37360948|0.31710875|0.37344387|0.46272701|0.55045491|0.54768288|0.39866191|0.47824681|0.43279779|0.22622064|0.56132233|0.60936958|0.5551042|0.63166451|0.28693679|0.55918527|0.41585153|0.47377348|0.40072241|0.36593419|0.30772468|0.58095247|0.45135182|0.51303238|0.33557728|0.52733839|0.54494822|0.48049974
Azerbaiyán|0.15671074|0.13805839|0.1182667|0.18175331|0.16215745|0.13277823|0.45711285|0.15393616|0.27115744|0.1555661|0.16911873|0.20216963|0.17498933|0.17347161|0.19081873|0.17978621|0.14168732|0.12608729|0.20822704|0.11989619|0.27332297|0.16956395|0.16023427|0.20756444|0.56027758|0.47452992|0.14129829|0.1396952|0.16480646|0.19245571|0.15383542|0.34360069|0.32054466|0.13503328|0.15464899|0.11115299|0.16796958|0.098160073|0.26869598|0.098011434|0.1517853|0.17832997|0.16012153
Bahamas|0.57315081|0.37695694|0.4052183|0.73239464|0.56516027|0.65634048|0.56643993|0.49683031|0.73327738|0.38176405|0.42856038|0.54854131|0.35247731|0.45108214|0.64215028|0.39499891|0.70975208|0.74377775|0.56030118|0.33418399|0.70005739|0.57879311|0.66240835|0.54221809|0.51035392|0.57336676|0.39617473|0.6350075|0.66871381|0.53143227|0.40098375|0.72454762|0.5862726|0.5314697|0.44152528|0.45850375|0.45592064|0.6140424|0.59584612|0.5089668|0.75942802|0.70707834|0.7615366
Bahréin|0.21711147|0.23347378|0.55167788|0.17897259|0.26822799|0.61599213|0.1758675|0.25341794|0.64929819|0.47513759|0.1887178|0.35626855|0.58427161|0.46224815|0.29090583|0.32914719|0.27619469|0.18954623|0.16492781|0.3502382|0.39880469|0.2012966|0.47429496|0.30104357|0.66381234|0.59127522|0.68838871|0.17352122|0.29012161|0.34433317|0.25363559|0.16870546|0.22614381|0.2096816|0.23340802|0.2016934|0.25712582|0.24755347|0.11810818|0.42399698|0.43543082|0.27751225|0.25416133
Bangladesh|0.111357|0.1010326|0.088428259|0.1276049|0.077168658|0.064341679|0.74937093|0.11986941|0.072163768|0.11813795|0.13489692|0.15505791|0.088280633|0.066776842|0.084749669|0.096318036|0.098330289|0.077164777|0.12144551|0.23475391|0.27738255|0.086223096|0.067340069|0.21115322|0.08051201|0.081932433|0.10379828|0.08023268|0.092688665|0.12008557|0.076274566|0.088407643|0.32400715|0.57030767|0.11451295|0.1207276|0.088631041|0.069044121|0.1351158|0.20310487|0.22433396|0.31734818|0.092208296
Barbados|0.66880691|0.40606785|0.70926791|0.65782779|0.56034184|0.72282898|0.81680036|0.49359435|0.76842797|0.38584423|0.52016306|0.49649692|0.55477571|0.35155928|0.65791225|0.77316356|0.63246882|0.75601983|0.49335247|0.66206849|0.7291562|0.75448954|0.80255002|0.73791564|0.62223625|0.27716276|0.59675545|0.74280745|0.44593316|0.5165264|0.7254535|0.73311138|0.65347147|0.69289821|0.46590519|0.48893648|0.82010651|0.71395069|0.51613295|0.62587321|0.674981|0.69746315|0.73455381
Belice|0.39008233|0.34304634|0.42608237|0.76548445|0.58442581|0.67077386|0.55395323|0.42399946|0.40268499|0.32332975|0.37647444|0.44079137|0.73995209|0.33787349|0.44313017|0.59274554|0.57027042|0.31016922|0.47192425|0.63826954|0.57164007|0.58508587|0.68617535|0.59710705|0.72187364|0.39071962|0.60003299|0.69778502|0.3990646|0.48017949|0.3633436|0.61090106|0.50100791|0.69817781|0.4067111|0.42307091|0.418369|0.70005918|0.57174504|0.59025836|0.45311466|0.41812947|0.60331404
Benín|0.4388296|0.40964586|0.64157569|0.42218927|0.38911465|0.37968075|0.699889|0.49987543|0.35342243|0.39017528|0.4439128|0.43717587|0.27265957|0.27209285|0.47970557|0.51528454|0.39559337|0.63595468|0.41732794|0.34676298|0.75319737|0.44597054|0.72276878|0.72103894|0.41663328|0.29036492|0.34427905|0.35590869|0.43626928|0.50187886|0.44821548|0.60529763|0.34581825|0.37411806|0.42697644|0.47386947|0.47958618|0.33791992|0.36532977|0.37772101|0.40259767|0.57793927|0.43492126
Bermudas|0.37692821|0.32372096|0.27213088|0.35730952|0.36990622|0.30298984|0.32745826|0.39674711|0.33584812|0.31123653|0.3676495|0.43226421|0.34898642|0.39710501|0.40482795|0.68998569|0.36321947|0.7135359|0.43567365|0.27121368|0.49136412|0.36694813|0.63537955|0.37742281|0.3290787|0.21226731|0.32848257|0.43887925|0.37301165|0.45430386|0.34938854|0.70469165|0.54046875|0.6592527|0.37482631|0.41291183|0.39208674|0.30259109|0.65700281|0.30049711|0.46754745|0.35406652|0.74021041
Bielorrusia|0.23859793|0.20462014|0.17726612|0.16297862|0.25093827|0.16831097|0.1836098|0.22859599|0.27412114|0.54411584|0.24506462|0.22913241|0.33750093|0.32270861|0.21918589|0.33243418|0.22801349|0.18621278|0.26786679|0.17753354|0.37789166|0.17234586|0.1902771|0.28367177|0.20485997|0.62686795|0.41362792|0.1544283|0.24212223|0.26666096|0.23007037|0.13844469|0.13137452|0.47982907|0.22603387|0.2566013|0.2407784|0.15110175|0.34212804|0.10452702|0.17372902|0.25736213|0.23297137
Bolivia|0.63565087|0.64122379|0.70365095|0.86110264|0.76384091|0.77925026|0.86266935|0.6384781|0.4151932|0.53408003|0.77373421|0.55841434|0.75760198|0.44735461|0.83308637|0.88779014|0.78568053|0.81076765|0.63460004|0.76255941|0.95823407|0.81924665|0.74882853|0.86100531|0.86620831|0.64149868|0.63248825|0.81539369|0.91666037|0.56737024|0.77285337|0.75707543|0.78416383|0.78769046|0.78174496|0.89633965|0.83167464|0.7927593|0.68563789|0.84236741|0.8093946|0.88747472|0.92437613
Bosnia|0.29425657|0.26527065|0.21061061|0.28189075|0.29524213|0.17334157|0.18639943|0.27328783|0.51535815|0.25997677|0.29595399|0.24474958|0.32867175|0.26109177|0.21547927|0.25588483|0.25241303|0.17153646|0.27728891|0.2163454|0.43282008|0.19814661|0.27552372|0.32977772|0.19518761|0.67785329|0.27203289|0.19947094|0.28158373|0.32800692|0.20502707|0.20029601|0.16397952|0.1850549|0.29587412|0.3105855|0.31455505|0.20414212|0.331406|0.17251596|0.19877788|0.30358291|0.22878641
Botsuana|0.26625282|0.23652259|0.18790482|0.25807646|0.62621939|0.54991627|0.23124184|0.26243985|0.21449441|0.2423026|0.27765462|0.29346249|0.27893466|0.29979154|0.6853801|0.43438411|0.23170441|0.1971792|0.27395344|0.19521907|0.40687984|0.26270223|0.24794523|0.30722362|0.23330101|0.16172844|0.24491742|0.44462651|0.27815557|0.38111925|0.26017576|0.45295817|0.37648696|0.48353004|0.25894168|0.27296698|0.28552189|0.22739506|0.4568786|0.22468957|0.59225065|0.28371698|0.24755882
Brasil|0.96471751|0.73080087|0.60225093|0.99198669|0.79143941|0.79029256|0.73097944|0.53105402|0.37922907|0.51557606|0.5837847|0.60008889|0.46794888|0.40600124|0.71851659|0.65603936|0.68513834|0.77039182|0.57306063|0.65618628|0.93187499|0.77265072|0.65629447|0.85169595|0.76032543|0.71901643|0.64608282|0.79187763|0.61108887|0.58561403|0.7814613|0.66977352|0.7514329|0.64562857|0.71752423|0.94742513|0.84712088|1.0|0.6777575|0.86971742|0.70411968|0.84598672|0.75022137
Brunéi|0.1661917|0.17294672|0.15061131|0.15447298|0.21744993|0.15617037|0.55817693|0.17636329|0.18701538|0.16005781|0.2279416|0.19831482|0.20368761|0.12509298|0.1509262|0.22703081|0.2019925|0.12268862|0.234072|0.13294591|0.25680888|0.16087845|0.21295476|0.19303134|0.12612802|0.099393688|0.18290362|0.42990175|0.21423456|0.22894821|0.13859624|0.12910981|0.35491872|0.12304992|0.15805133|0.21679816|0.1605266|0.45814487|0.24640217|0.12955883|0.1769574|0.16377109|0.14602897
Bulgaria|0.33920816|0.58782947|0.43143475|0.62945092|0.54775202|0.56369126|0.22667439|0.31691095|0.60087878|0.6726104|0.28717124|0.24784282|0.32189676|0.45585102|0.25982833|0.44961545|0.26707092|0.48462912|0.37392044|0.46403396|0.46720976|0.23447654|0.29861191|0.3560212|0.20763159|0.43634325|0.55020672|0.18717247|0.26743305|0.35027194|0.52487314|0.21875542|0.52989841|0.42416406|0.22255516|0.36869907|0.33652282|0.44085193|0.44674629|0.200021|0.58900028|0.48717809|0.22275887
Burkina Faso|0.40969121|0.42631948|0.59131694|0.43639016|0.35888416|0.39343721|0.44395435|0.51093447|0.36199471|0.41239691|0.45518669|0.45979282|0.29226637|0.28583768|0.49149501|0.52705103|0.42044556|0.38795722|0.4504683|0.36864454|0.76972067|0.45486164|0.41638267|0.59254313|0.43334901|0.30679744|0.31467974|0.38925815|0.45295006|0.51354349|0.46266529|0.40133524|0.64461255|0.388282|0.48505551|0.48599148|0.49693447|0.34363085|0.39094067|0.39455014|0.41738027|0.59154773|0.85765535
Burundi|0.23444402|0.20172979|0.16924253|0.29742798|0.23933396|0.16497806|0.19311865|0.23500946|0.12163682|0.21647137|0.24169114|0.17666797|0.18203613|0.1340915|0.25264806|0.40142184|0.20913476|0.23200351|0.22300057|0.17403112|0.46269965|0.3088617|0.20694438|0.35214168|0.27439699|0.15531485|0.20376211|0.22308338|0.21739984|0.2130484|0.22125724|0.18512246|0.59012771|0.24308135|0.23046619|0.23465872|0.32182091|0.22318843|0.19590251|0.26287138|0.21581772|0.33420584|0.28591293
Bután|0.14934468|0.128398|0.10407525|0.19160929|0.19462156|0.14173484|0.11887873|0.17933303|0.16968346|0.18178788|0.1173593|0.21285379|0.13111848|0.13117395|0.17230889|0.26387906|0.17097826|0.14627913|0.25821981|0.14592069|0.30117041|0.19360623|0.14053953|0.22764793|0.12107155|0.12437193|0.15849972|0.13128076|0.15411922|0.21609356|0.18458071|0.11289991|0.088829577|0.16282782|0.17335486|0.15943587|0.17475882|0.084230743|0.26482219|0.11073805|0.14383584|0.20667565|0.14968771
Bélgica|0.50007361|0.56775749|0.55717134|0.60972518|0.66482913|0.4295266|0.71027195|0.41261753|0.79420966|0.87727928|0.68905902|0.37935555|0.8345443|0.84365147|0.5391556|0.66518688|0.65578055|0.47446644|0.50895089|0.73938549|0.60827166|0.6130954|0.60072428|0.61950779|0.42655611|0.36891219|0.71767116|0.5255689|0.5460282|0.32373673|0.79796171|0.5840953|0.44158635|0.49783415|0.87291569|0.31724054|0.4910453|0.6292032|0.54399598|0.6172803|0.5668698|0.63178587|0.47435868
Cabo Verde|0.49549431|0.33401358|0.72729689|0.46119654|0.39541447|0.41441602|0.37907654|0.55302835|0.72951466|0.47062591|0.41378593|0.52020794|0.45381096|0.37571627|0.45974395|0.57229972|0.44428399|0.3846693|0.56760484|0.36300892|0.78863144|0.50507158|0.50458562|0.61135507|0.43049106|0.32021421|0.42571482|0.40231758|0.42191273|0.57913411|0.47341573|0.56132615|0.383656|0.3943395|0.49343419|0.55735785|0.51404607|0.35044402|0.5547446|0.37241861|0.37889567|0.60766423|0.44123721
Camboya|0.20370808|0.17016137|0.50811118|0.22656965|0.086424597|0.11818615|0.092956774|0.19874731|0.15176904|0.20652491|0.12775601|0.16914579|0.056310151|0.4099558|0.1330786|0.19414651|0.13524282|0.55734396|0.12993988|0.12280919|0.34903666|0.21998876|0.14813271|0.26646435|0.39197204|0.14005594|0.47876459|0.108339|0.20318508|0.22471549|0.14578873|0.14290601|0.11504883|0.12616372|0.20976381|0.20925809|0.57028919|0.13031945|0.13794386|0.09477137|0.23872256|0.23737758|0.1064246
Camerún|0.33241934|0.34896421|0.36845738|0.64605755|0.27419898|0.32248521|0.57485962|0.47494999|0.2172361|0.344852|0.36425588|0.44375506|0.20674467|0.20577899|0.42838141|0.49275526|0.32081029|0.33059731|0.39515802|0.30410179|0.73234701|0.35959291|0.51966369|0.56613725|0.6773355|0.24597023|0.30029178|0.53905618|0.34012228|0.44874769|0.60769796|0.31389904|0.79558134|0.29229686|0.38212591|0.37497437|0.4379847|0.39740425|0.3813445|0.29726979|0.25811726|0.55687344|0.66152304
Canadá|0.68823427|0.79107082|0.6530093|0.75692761|0.62274665|0.59775019|0.70737195|0.25025225|0.84815663|0.69812077|0.76556182|0.45654017|0.64609224|0.87827933|0.69591391|0.64217693|0.65207005|0.73782867|0.26173666|0.73318344|0.56026542|0.558074|0.70747173|0.67777175|0.65841663|0.79755563|0.732638|0.70954758|0.52889431|0.78790021|0.74888253|0.63248253|0.5718931|0.65618765|0.81223649|0.89321887|0.49416661|0.63736677|0.56829607|0.58277512|0.76529741|0.68978214|0.62130713
Chad|0.3013829|0.28591377|0.26817372|0.37214747|0.28856817|0.29735154|0.29924753|0.44560573|0.18025392|0.32975423|0.33233023|0.39317328|0.17772394|0.18511045|0.39689255|0.46020773|0.27041996|0.30677459|0.34938911|0.28976202|0.69192851|0.3703458|0.41244504|0.53230196|0.33567387|0.23159601|0.26540875|0.65546381|0.30153438|0.43751261|0.36053473|0.3310163|0.50709558|0.31230837|0.39198291|0.32402664|0.4408263|0.4793694|0.32570517|0.30684358|0.24517629|0.52295244|0.3559168
Chile|0.85616404|0.73479486|0.85367036|0.81856668|0.75655216|0.86145818|0.85901618|0.56195474|0.95279628|0.70243555|0.83443177|0.93409336|0.91671789|0.72352499|0.90692186|0.95219207|0.8974331|0.68669879|0.70525473|0.85272872|0.92626333|0.89997244|0.86837447|0.88658023|0.87231064|0.80762553|0.74412966|0.838301|0.93462354|0.85825515|0.83807003|0.76150894|0.79211849|0.73647988|0.85613924|0.77386415|0.79047197|0.8583833|0.58243853|0.78839874|0.8714543|0.89455879|0.81142598
China|0.76167178|0.52218008|0.36202407|0.56455874|0.15417743|0.33243465|0.35384023|0.42728889|0.47247127|0.57902354|0.56587946|0.63866889|0.51959789|0.76606572|0.12243516|0.12357774|0.35308293|0.3691926|0.10615747|0.75208843|0.23377106|0.29896361|0.36619577|0.38986564|0.30490974|0.60975558|0.43232128|0.34690484|0.17832212|0.092188835|0.39667702|0.22207579|0.19687462|0.41477388|0.40205646|0.63347566|0.2376885|0.32179582|0.18179336|0.60024238|0.33598939|0.35100892|0.43771493
Chipre|0.31789684|0.51650441|0.22276834|0.27622712|0.52464455|0.51833528|0.24346727|0.28244007|0.17691454|0.26362103|0.32933366|0.22333042|0.34602892|0.59706515|0.3360396|0.43044639|0.3339265|0.32006621|0.35549828|0.38955092|0.43796909|0.21684159|0.34325343|0.33406955|0.18836755|0.43950444|0.48733488|0.29403239|0.57085413|0.31213439|0.28655279|0.61487299|0.30967206|0.44379991|0.29297799|0.34624928|0.21226734|0.29167214|0.40543675|0.17992449|0.49063441|0.30788589|0.24168763
Comoras|0.34988764|0.30311629|0.52718258|0.33135998|0.26473111|0.27302796|0.26346001|0.38608319|0.55640066|0.30229542|0.32567924|0.38604665|0.13679498|0.14469564|0.32883066|0.16342764|0.30170521|0.24902545|0.33938268|0.25217623|0.57786375|0.33780417|0.2364483|0.44733453|0.28159752|0.18774724|0.29739788|0.23433679|0.31086028|0.4337942|0.33881521|0.28707263|0.19409706|0.28730074|0.30582845|0.36563611|0.38736522|0.14223379|0.23382173|0.16108391|0.20783687|0.42408738|0.29507262
Congo|0.33617458|0.3706508|0.39474869|0.37861508|0.35180163|0.34899673|0.38220498|0.44255191|0.30781788|0.35948867|0.40971434|0.57288909|0.23009312|0.23640451|0.45188451|0.47662479|0.34284136|0.3447682|0.49049574|0.31703216|0.67393184|0.38118786|0.31832567|0.51954436|0.34543642|0.24077728|0.28880832|0.33134931|0.40241176|0.46920252|0.3782388|0.35038495|0.390872|0.3230086|0.42114499|0.43847784|0.42632708|0.28591096|0.28496465|0.31705141|0.34892988|0.50196558|0.3689723
Corea del Sur|0.58078867|0.5582242|0.3982563|0.67967236|0.39892685|0.40343314|0.39292699|0.078993902|0.63109195|0.66511357|0.21664041|0.53495759|0.56713057|0.80217928|0.071297735|0.2099776|0.37653077|0.4787339|0.095423505|0.67685652|0.13155478|0.1636149|0.28984517|0.091058418|0.14793597|0.62266105|0.52908504|0.24167661|0.057565935|0.085557118|0.66529059|0.12587065|0.19969186|0.39140272|0.13673592|0.73963302|0.60258603|0.1390696|0.19296879|0.24598435|0.29040915|0.21743155|0.38977247
Costa Rica|0.72050732|0.69566727|0.8695904|0.83883572|0.7718246|0.83417296|0.86614788|0.59606707|0.68187821|0.73864454|0.7787481|0.60573095|0.90576828|0.51130152|0.95613146|0.93457186|0.84909141|0.78341484|0.54017484|0.66532129|0.84981167|0.80518425|0.85432053|0.86473668|0.84187287|0.61928344|0.82753301|0.86736774|0.80493122|0.79157138|0.87283134|0.84785056|0.83822|0.86178583|0.72722793|0.83185446|0.92815089|0.78983378|0.61053652|0.89322889|0.90158141|0.89132154|0.84550333
Costa de Marfil|0.45582572|0.3458949|0.66517949|0.7776677|0.41423982|0.46741971|0.68295395|0.52444947|0.77151549|0.42885524|0.46343142|0.80734134|0.44991761|0.47910249|0.50020546|0.54120529|0.43134764|0.40449709|0.47511414|0.37659895|0.78544044|0.41823363|0.58969665|0.60832679|0.4415732|0.32296252|0.36646342|0.53303838|0.46114269|0.52487344|0.47677529|0.57810175|0.80217171|0.41033044|0.49681407|0.50319916|0.65574282|0.59563309|0.77725726|0.68127918|0.60679293|0.60463381|0.63005847
Croacia|0.38001409|0.32069194|0.24870485|0.31956184|0.41094333|0.38292533|0.27560377|0.36782792|0.62413788|0.66001546|0.38280696|0.33312914|0.35932562|0.49934512|0.28748024|0.48591906|0.41438571|0.45466962|0.44452521|0.26390839|0.52914208|0.29525676|0.33613205|0.41598773|0.49673003|0.47733676|0.46187165|0.30166048|0.38541973|0.4109093|0.29030776|0.2724683|0.3270033|0.25115073|0.29885232|0.40316474|0.36492473|0.29604605|0.49990404|0.25299725|0.40675643|0.38722777|0.28875056
Cuba|0.81448948|0.80625105|0.77478492|0.78649211|0.77924013|0.77623129|0.80402958|0.63152069|0.66308749|0.68530428|0.81872422|0.60922992|0.62758332|0.45922422|0.87233222|0.83302557|0.75301492|0.70972043|0.91588122|0.62172145|0.94503272|0.70167965|0.76125681|0.83398187|0.69146639|0.41610828|0.7568624|0.80401719|0.65574366|0.89331913|0.67622012|0.75180936|0.75624371|0.7084372|0.86605799|0.60318762|0.88444936|0.72698176|1.0|0.70571017|0.78839624|0.83837187|0.90467799
Curazao|0.74819887|0.64931715|0.75811446|0.72110546|0.71530795|0.76883286|0.84860581|0.73368615|0.84305108|0.82700473|0.82289439|0.92575151|0.73529774|0.66220397|0.7644434|0.78654361|0.76631057|0.72186077|0.81860662|0.73043931|0.79505241|0.66679859|0.79234624|0.77844763|0.68526709|0.72898388|0.83846647|0.72384822|0.76737964|0.90813911|0.7556355|0.78567928|0.6930244|0.75722671|0.87004745|0.81759822|0.69689256|0.6942575|0.86216509|0.73496735|0.73893428|0.7703079|0.85021579
Dinamarca|0.31179574|0.47980359|0.3271358|0.47837526|0.51934725|0.59324813|0.42945433|0.26517734|0.64407659|0.73081785|0.56147218|0.35932377|0.36458361|0.68299633|0.36461037|0.424303|0.33980381|0.48166293|0.32916531|0.6740731|0.5750041|0.43457669|0.58458549|0.60024697|0.38883179|0.51680893|0.67128015|0.46557677|0.33660993|0.29646957|0.28340107|0.46994013|0.53728378|0.34483343|0.60847312|0.59274316|0.30854583|0.38615769|0.37835902|0.36846948|0.38192949|0.42127234|0.64868581
Dominica|0.80377936|0.41897398|0.59411573|0.4305779|0.59450746|0.65263438|0.58398819|0.51805586|0.72223425|0.39649314|0.42543712|0.56978935|0.77883828|0.28882605|0.78232688|0.61302543|0.5882436|0.77370584|0.55682862|0.60829085|0.74885756|0.63584483|0.73592418|0.7172693|0.40344316|0.29328382|0.51149762|0.68144941|0.46798614|0.58998275|0.73886013|0.64063686|0.57656902|0.5951221|0.47407085|0.49255013|0.69075775|0.35738462|0.60698885|0.70910525|0.62435752|0.57416224|0.41641557
Ecuador|0.9354201|0.69981539|1.0|1.0|0.86101925|1.0|0.98106122|1.0|0.90331185|0.64056772|1.0|0.77272975|0.97452116|0.67959952|0.94378453|0.98236281|0.99089408|0.84527552|1.0|0.8387711|1.0|1.0|0.94931698|1.0|1.0|0.74868584|0.72480321|1.0|0.88744998|0.9696418|1.0|0.92520678|1.0|0.83960605|0.80013692|0.90816283|1.0|0.92327011|0.71442926|1.0|0.96257383|1.0|1.0
Egipto|0.12488057|0.11151023|0.22997651|0.51254684|0.30772096|0.14775187|0.21088958|0.10577334|0.29667792|0.10566889|0.091394529|1.0|0.46198633|0.62410599|0.10598169|0.15648746|0.081918545|0.46273637|0.15289617|0.47085142|0.05271589|0.10738893|0.54693586|0.13897668|0.38460308|0.071846113|0.081354782|0.48207456|0.099331796|0.14779641|0.37479988|0.19152348|0.40080455|0.52455044|0.5925194|0.55345702|0.19960999|0.21314329|0.27879328|0.27735662|0.30745614|0.10247247|0.33493769
El Salvador|0.67936397|0.62164778|0.80943465|0.7474553|0.80623472|0.84729767|0.88405031|0.51467419|0.53565323|0.61180276|0.54979217|0.55131155|0.82984293|0.33148062|0.8502779|0.83599651|0.80914485|0.790905|0.5311107|0.72547042|0.74376476|0.84432447|0.77864635|0.77105391|0.8516404|0.60197341|0.76163518|0.82170808|0.73521447|0.52783477|0.79282522|0.81058747|0.82052767|0.76610774|0.8149755|0.68276381|0.86984503|0.80462599|0.54715252|0.82306451|0.79610842|0.7738508|0.86443806
Emiratos Árabes Unidos|0.63087243|0.53669745|0.52393103|0.34740764|0.43676299|0.50270975|0.59306264|0.67767614|0.57289028|0.65525627|0.39742899|0.8687191|0.56351107|0.70658678|0.72473836|0.57604545|0.6726377|0.56583416|0.6498363|0.5958823|0.38165307|0.62442732|0.39937943|0.28706813|0.65089774|0.72202682|0.76613337|0.68966544|0.68914968|0.66090924|0.70258987|0.32598653|0.51484573|0.65279293|0.67566973|0.58157444|0.38005179|0.26637501|0.10587537|0.50139999|0.68144292|0.53815889|0.55392486
Eritrea|0.0083939657|0.0080831982|0.0085449107|0.023520531|0.0083308332|0.0|0.0|0.0078164889|0.0082526272|0.0082315179|0.0081982408|0.0089337621|0.0084401164|0.007734078|0.0091139469|0.0|0.0080509875|0.0083917612|0.0082133505|0.007627517|0.017522739|0.0|0.009438145|0.012276713|0.008157935|0.0|0.008136197|0.0|0.0080958875|0.0088922437|0.0089862859|0.0|0.0|0.0084785065|0.0097349668|0.009704696|0.0092815561|0.0080232937|0.0093985619|0.0|0.0072768051|0.012344981|0.0094097275
Eslovaquia|0.73019588|0.67411983|0.31532049|0.26403075|0.80220151|0.20397511|0.6318891|0.35237157|0.23949191|0.57599574|0.37268028|0.30908158|0.68682873|0.48297948|0.32282823|0.39818996|0.29891586|0.61497837|0.42619652|0.45432618|0.51572311|0.27310675|0.32585365|0.404421|0.23683535|0.55280417|0.33694333|0.31026661|0.27500188|0.40053758|0.2633459|0.24866781|0.18425933|0.21636969|0.28183576|0.98734945|0.26284218|0.2824015|0.4893536|0.23487219|0.27019861|0.37290472|0.21929398
Eslovenia|0.38638455|0.50026149|0.31232846|0.29310983|0.36658677|0.23809831|0.24624324|0.37683824|0.58995622|0.85052073|0.38914612|0.34231824|0.38730705|0.67568594|0.34083652|0.38866758|0.32760569|0.28308377|0.45906353|0.26742399|0.54243785|0.50787264|0.52755016|0.42844403|0.23966306|0.56555057|0.62185389|0.20987681|0.31664628|0.28969711|0.21797955|0.25212058|0.20509365|0.40367126|0.36201221|0.40974498|0.54268789|0.57950765|0.50916755|0.34244078|0.39459628|0.39969504|0.47754502
España|0.91198516|0.74860495|0.76175487|0.56122112|0.91999471|0.62478107|0.69664639|0.30391431|0.78604019|0.84685135|0.82944345|0.26865965|0.65458167|0.81248534|0.63356018|0.66899204|0.68130577|0.59305334|0.80994695|0.73644698|0.62807393|0.6722998|0.52305824|0.66729581|0.59172988|0.77796757|0.86350977|0.66091418|0.69909012|0.74702668|0.73083484|0.61892486|0.63413131|0.56222939|0.77764213|0.85216498|0.70434523|0.68443334|0.42192566|0.66579163|0.56303811|0.72784173|0.70596451
Estados Unidos|0.87570322|1.0|0.91794133|0.73795331|1.0|0.88549757|1.0|0.6466819|1.0|1.0|0.88913089|0.67702091|1.0|1.0|1.0|0.97046971|0.82326853|1.0|0.82839096|1.0|0.8905828|0.87957937|1.0|0.91136968|0.56378758|1.0|1.0|0.96755373|0.840334|0.94253421|0.97104031|1.0|0.92122388|1.0|1.0|1.0|0.79743004|0.76301134|0.35884094|0.66168809|1.0|0.95459151|0.91127658
Estonia|0.35854578|0.63764185|0.56839377|0.26115471|0.71824527|0.22168168|0.25651574|0.33594829|0.56106466|0.29038316|0.61112767|0.27839011|0.76802593|0.69751161|0.37222385|0.46930635|0.38502812|0.26344401|0.40136087|0.48158222|0.48856226|0.26939267|0.33338201|0.37464568|0.25510392|0.57000399|0.47587246|0.19520146|0.35875413|0.37260091|0.78791392|0.25530395|0.18733972|0.21922247|0.33275682|0.39145052|0.24428806|0.2792595|0.47480306|0.49188927|0.50465012|0.51130253|0.2611146
Etiopía|0.24490778|0.25811014|0.16642135|0.32256329|0.21138048|0.20021263|0.49339071|0.29823762|0.300116|0.2670027|0.23221546|0.24128258|0.10892135|0.10770129|0.18667164|0.17504999|0.21578085|0.20000692|0.21393847|0.22680125|0.53552532|0.24790932|0.21001206|0.41931283|0.27861568|0.48027194|0.19269836|0.21316805|0.22615583|0.27033922|0.29409513|0.19750607|0.65634894|0.23292188|0.32532164|0.24655026|0.34091628|0.16972971|0.20824072|0.71315086|0.15465748|0.39328939|0.58200359
Filipinas|0.14481837|0.48852628|0.41020465|0.68736678|0.10538213|0.25627398|0.62440109|0.14531837|0.41821146|0.17207865|0.17839059|0.19195426|0.39076036|0.42052025|0.41637838|0.076107137|0.39095542|0.10524445|0.10030966|0.4756763|0.30548263|0.69079077|0.62292254|0.42537805|0.68159384|0.34320939|0.12632468|0.52225727|0.12618569|0.23749582|0.14870176|0.54562062|0.46427613|0.11862787|0.12399141|0.23122293|0.64285332|0.24027869|0.096306428|0.40177774|0.43104559|0.3403936|0.14276934
Finlandia|0.29716808|0.57666063|0.22715379|0.20671719|0.32925665|0.20710814|0.30479264|0.34199283|0.22346148|0.59297442|0.28065193|0.28729433|0.62043834|0.74870288|0.29415718|0.35672218|0.29572374|0.21763389|0.41018292|0.57944334|0.50117862|0.39183417|0.30963257|0.38666356|0.1922285|0.54454911|0.4817434|0.2689338|0.26154268|0.25032836|0.6854198|0.21599722|0.23358288|0.54495084|0.34175247|0.27691013|0.16516465|0.40353978|0.48102808|0.18321496|0.47031397|0.36058247|0.59450704
Fiyi|0.12981462|0.11798813|0.54692954|0.13752452|0.14494023|0.08804521|0.13363749|0.12505624|0.19700661|0.12688442|0.08820647|0.12432813|0.62317562|0.18108264|0.16001567|0.37635741|0.12463936|0.36510652|0.14285624|0.097513601|0.19168256|0.14649962|0.13766976|0.14228272|0.11744798|0.085629195|0.12297311|0.1119238|0.14363033|0.14455201|0.12175962|0.10082754|0.23022977|0.10176218|0.12694097|0.14258356|0.13429375|0.11292425|0.22834195|0.10746059|0.13968238|0.1210321|0.13068455
Francia|0.63959426|0.72785741|0.62297976|0.5179503|0.84353471|0.5377959|0.67397773|0.28901124|0.77641636|0.87049717|0.73418689|0.38306159|0.7008062|0.79029822|0.62447321|0.69826519|0.50357187|0.53542155|0.35275328|0.68131065|0.61332625|0.65121883|0.61070049|0.6531086|0.53641057|0.68788975|0.84963083|0.62468708|0.63687557|0.29328772|0.45814532|0.62237018|0.53312445|0.62449056|0.7438283|0.77843201|0.68700051|0.58338052|0.55050719|0.55543774|0.66926229|0.67739248|0.61709881
Gabón|0.3426035|0.28940701|0.68815112|0.390697|0.31503478|0.31974083|0.51702881|0.48779136|0.22027914|0.34789386|0.36088157|0.80333006|0.20979829|0.20259783|0.43531492|0.18300512|0.32384199|0.33397484|0.38663062|0.30710965|0.73591197|0.28395578|0.44075727|0.56940687|0.29613614|0.39513534|0.29162011|0.45419985|0.34315652|0.46633404|0.3851285|0.49830407|0.61339664|0.33350408|0.41796434|0.37182719|0.4488399|0.33500832|0.38718438|0.32144177|0.29668137|0.56287915|0.37246802
Gambia|0.48291725|0.46404213|0.52033961|0.47477335|0.44946969|0.39767018|0.42366266|0.55920386|0.38629895|0.4557966|0.72066212|0.48780543|0.32503605|0.32852453|0.52523029|0.56619251|0.45538986|0.3762182|0.51843214|0.402982|0.82916713|0.48817426|0.44785026|0.64447194|0.47117877|0.3493709|0.6848619|0.39263743|0.49342316|0.81600374|0.5016821|0.4299573|0.37197015|0.44023234|0.51148403|0.54243124|0.53910661|0.35329735|0.44967395|0.42993641|0.45997655|0.64084208|0.50289428
Georgia|0.11436065|0.14851752|0.24017631|0.18852416|0.18609388|0.53029603|0.3478108|0.16325942|0.54439628|0.16287164|0.19772859|0.64490551|0.43737972|0.60565257|0.1570254|0.38294601|0.11867657|0.11431575|0.22008035|0.41596487|0.28391758|0.12652855|0.17411232|0.21633944|0.55730957|0.48689157|0.11920941|0.10538381|0.19425173|0.22060843|0.16214052|0.10959576|0.12605798|0.14302552|0.16653517|0.17926119|0.11669846|0.11974008|0.42827776|0.11555511|0.20483205|0.1843964|0.52063763
Ghana|0.40566972|0.3385348|0.69349158|0.72425455|0.33886293|0.53386748|0.66850746|0.50725806|0.67164564|0.40591121|0.45143944|0.45317674|0.23632906|0.27944437|0.48757771|0.52314126|0.4112612|0.38144183|0.44125378|0.35953879|0.76424193|0.59779131|0.40967289|0.58803856|0.57228833|0.4669323|0.35724676|0.64643425|0.44922179|0.50966734|0.40570289|0.3930335|0.81513727|0.53747749|0.48102289|0.48196447|0.48752159|0.55414689|0.38423824|0.48423827|0.72932291|0.71698928|0.78642625
Gibraltar|0.2727457|0.25202307|0.19654879|0.28510642|0.28128949|0.18499479|0.25986379|0.27914181|0.43767706|0.2475974|0.30262285|0.32666594|0.44289121|0.40139806|0.3194876|0.53378367|0.24913329|0.17577943|0.32534876|0.2042802|0.37409833|0.29075098|0.28258669|0.28025478|0.2491972|0.17609635|0.25100359|0.21644388|0.29290259|0.34706587|0.25644404|0.23344326|0.19044267|0.21271312|0.30209929|0.29780889|0.30579269|0.21033388|0.61703736|0.19399509|0.2668792|0.25394025|0.25093925
Granada|0.48769456|0.47410151|0.67972708|0.69429433|0.50128901|0.71511632|0.64236438|0.60194659|0.74830484|0.47943699|0.50626326|0.56429893|0.67126888|0.36438033|0.81928045|0.61776483|0.51449293|0.81599355|0.62454396|0.68541312|0.9163779|0.51566577|0.70128095|0.69986212|0.60049278|0.63108122|0.42159286|0.48734733|0.51899219|0.62958395|0.65559781|0.70954549|0.6666894|0.72604537|0.55228466|0.5489279|0.57363009|0.67972171|0.62002802|0.45683739|0.72039294|0.71282643|0.82110834
Grecia|0.2760044|0.29842928|0.62002045|0.41501254|0.57009321|0.48082966|0.31281829|0.32399988|0.56486481|0.68191171|0.29288682|0.27168217|0.37193623|0.71619779|0.56134319|0.31573665|0.26420975|0.44675246|0.38386846|0.54292303|0.48013222|0.59375137|0.4682163|0.36726749|0.19808497|0.49548393|0.50673848|0.57495964|0.66495275|0.36316907|0.5992294|0.19446772|0.31726772|0.56718481|0.26561409|0.37912357|0.23037264|0.40633926|0.45980519|0.33963823|0.65682268|0.55970001|0.26391077
Groenlandia|0.083364844|0.042589024|0.059904587|0.083071992|0.080160022|0.060128503|0.075221166|0.062648654|0.065913394|0.06575539|0.07643526|0.062815368|0.061852396|0.053835042|0.094218805|0.08249937|0.067136258|0.066954829|0.065619394|0.061234102|0.15169893|0.060519546|0.072055444|0.10696495|0.070669055|0.053784445|0.065041862|0.063420087|0.081133492|0.067969054|0.079601899|0.061243795|0.061368555|0.070336476|0.074277297|0.071318477|0.073615536|0.058732234|0.06902691|0.039387297|0.084170148|0.099279255|0.080039449
Guatemala|0.78248239|0.77383423|0.81539911|0.87719023|0.69135582|0.73826051|0.77542555|0.61912644|0.86647642|0.51898444|0.75705361|0.58739507|0.70408952|0.55191743|0.67092013|0.86615551|0.72415221|0.77717721|0.61248344|0.53113347|0.88511997|0.68675601|0.77233481|0.8580088|0.7764219|0.7406553|0.70443296|0.79731345|0.77195209|0.68474174|0.81932634|0.79396731|0.73969901|0.72062171|0.91922939|0.76363963|0.89449441|0.78045899|0.62675703|0.87290108|0.71586156|0.87477767|0.78216994
Guinea|0.46342611|0.45018551|0.73602343|0.45520008|0.43001312|0.41154784|0.46899909|0.53729647|0.51251078|0.43912661|0.47095793|0.47621566|0.48209396|0.30939445|0.50807744|0.54906195|0.44155085|0.41482884|0.49630758|0.38664246|0.80194914|0.47118282|0.4332523|0.6228565|0.45454901|0.33028406|0.37943101|0.41360649|0.47409511|0.54085851|0.48733139|0.57040137|0.52710462|0.42069495|0.66417098|0.52495521|0.51093316|0.44472775|0.41870418|0.41592866|0.44257012|0.61645699|0.48557961
Guinea-Bisáu|0.47988302|0.46102446|0.67458248|0.4717311|0.44643879|0.56672043|0.48049504|0.55620044|0.38327226|0.45277101|0.49278265|0.48474234|0.5224331|0.32552546|0.52215761|0.56312197|0.45237389|0.43128467|0.5154075|0.39998859|0.82564592|0.48511732|0.63062495|0.64123058|0.46542484|0.34637606|0.39302835|0.40833691|0.48767257|0.5575614|0.43212169|0.455874|0.39493689|0.43719357|0.73384106|0.53932709|0.53602505|0.52202857|0.44112158|0.42690399|0.59864724|0.63486481|0.49980581
Guyana|0.82106876|0.44297677|0.7515614|0.7053293|0.70928246|0.73550904|0.91235745|0.52827239|0.77941298|0.41584504|0.60139644|0.52747107|0.74634707|0.36094657|0.65421271|0.73838454|0.70445418|0.44312081|0.58021194|0.69420326|0.8442421|0.75123751|0.80587369|0.78352761|0.59754711|0.50511652|0.56910849|0.83180749|0.46420452|0.72084975|0.61777055|0.7664786|0.80916083|0.8023051|0.52544725|0.50915843|0.55190957|0.81632125|0.58520281|0.82804|0.64533675|0.65706068|0.76754063
Haití|0.8311922|0.52622974|0.79581392|0.65413719|0.60383904|0.73261786|0.83026546|0.62424278|0.9132061|0.53082454|0.53927666|0.62181705|0.65171087|0.42523134|0.70020366|0.73101097|0.63580054|0.64266419|0.63161659|0.46046728|0.91988444|0.69623965|0.71401|0.79051495|0.58454257|0.40627319|0.62721604|0.63206375|0.72172624|0.77159297|0.56289423|0.82520056|0.72306192|0.76289892|0.80843079|0.61361355|0.77187109|0.75810874|0.63804102|0.76218367|0.74624503|0.80844015|0.77808911
Honduras|0.64889419|0.78037596|0.84182429|0.88545507|0.73796272|0.88044965|0.93217391|0.58841711|0.39022616|0.48636824|0.79388356|0.59082639|0.81811202|0.33494133|0.86921334|0.91048688|0.73669726|0.7611661|0.76326984|0.74878728|0.86324382|0.85564125|0.8404839|0.81979406|0.82678056|0.46337315|0.74027687|0.76675129|0.68242806|0.55436897|0.80504096|0.8347559|0.87598294|0.84323502|0.85981584|0.72089446|0.74220556|0.8452884|0.63472718|0.83762741|0.70051444|0.83049846|0.82722449
Hungría|0.36953026|0.75580662|0.60916555|0.26771531|0.7988531|0.30020621|0.36806339|0.34938067|0.23647882|0.29582322|0.31352779|0.30603385|0.5085938|0.35469723|0.30069116|0.35993773|0.29271337|0.21465072|0.42318544|0.37935913|0.51223838|0.51137269|0.51582265|0.40120322|0.48371416|0.73735511|0.28284717|0.60880303|0.36959186|0.39475971|0.44475931|0.22532493|0.3138597|0.22307707|0.6241923|0.28804076|0.24772032|0.43271255|0.48628223|0.50563765|0.36509013|0.36968347|0.45773092
India|0.062544122|0.22654259|0.25148809|0.14026415|0.053320594|0.36663502|0.44973278|0.085733801|0.07612808|0.086563498|0.052209295|0.08849749|0.5447889|0.41676164|0.05533088|0.056929313|0.48270854|0.49424833|0.087225139|0.44517583|0.16251037|0.18118447|0.19673812|0.11587988|0.31200874|0.28321123|0.20052241|0.39559126|0.047057413|0.1025731|0.49463606|0.11586475|0.44875392|0.7334013|0.18595082|0.73288167|0.21897653|0.55079913|0.099831164|0.3539581|0.13118283|0.24751899|0.41958135
Indonesia|0.059382159|0.54307294|0.26487991|0.44072694|0.043781988|0.28351641|0.15973434|0.089249924|0.13531938|0.093546689|0.037086856|0.14287265|0.40244389|0.49527258|0.030531164|0.17091097|0.34601945|0.53815699|0.092374727|0.048437029|0.17498951|0.71012855|0.34036654|0.12684008|0.061105676|0.29616302|0.070072308|0.32025045|0.064184651|0.1341877|0.044725448|0.44903797|0.28406936|0.16809306|0.28595194|0.64247698|0.33058846|0.3652828|0.21786386|0.54987264|0.11805156|0.20270962|0.059006147
Iraq|0.012152292|0.011785193|0.1302505|0.027306065|0.012077718|0.080403671|0.44043988|0.011470148|0.011985338|0.011960404|0.011921096|0.65336597|0.08173281|0.15366971|0.013002757|0.023397774|0.014479396|0.012149676|0.011938944|0.011246938|0.022935493|0.014574667|0.013385709|0.016738718|0.49174345|0.0036243871|0.011847807|0.069998488|0.011800181|0.012740875|0.012851946|0.40469438|0.38683811|0.1056082|0.24043818|0.013700556|0.013200743|0.079953387|0.013338942|0.12219934|0.024621824|0.016819358|0.013352143
Irlanda|0.69204259|0.69109476|0.41977075|0.32540721|0.40196246|0.55295551|0.30827999|0.43054438|0.61605096|0.72763813|0.60701799|0.40368426|0.41218391|0.79788226|0.44888204|0.4568553|0.36966279|0.49901432|0.52721071|0.52808458|0.63160974|0.65854859|0.57508361|0.48818201|0.42018408|0.6683439|0.68195683|0.68593991|0.57495242|0.33829612|0.51508808|0.30813065|0.56221867|0.52856672|0.55887407|0.44803566|0.35289264|0.51301032|0.56051791|0.56975937|0.49817127|0.60045493|0.32822108
Irán|0.18497615|0.16542614|0.40137047|0.21509254|0.11445461|0.12105125|0.14177242|0.18605387|0.14855644|0.2324053|0.15372097|0.23821013|0.10543033|0.35808915|0.20215409|0.16023818|0.18087652|0.15706213|0.20501709|0.20710698|0.44130284|0.539177|0.12361997|0.33718991|0.44461542|0.12126821|0.094006032|0.15729639|0.3226718|0.18307361|0.22403318|0.33991164|0.14139469|0.20437816|0.19518459|0.22379792|0.2889356|0.1083048|0.27258575|0.1525209|0.35207075|0.31374127|0.19270095
Islandia|0.24807478|0.21575141|0.23449007|0.31338644|0.33568597|0.22811696|0.25363672|0.31085119|0.39969456|0.28679043|0.34422725|0.2904807|0.39828044|0.73616803|0.3675397|0.53023422|0.3080413|0.26945931|0.30719882|0.24232852|0.47711295|0.24475859|0.28710511|0.36435002|0.2660985|0.1927588|0.28603342|0.21931088|0.33385453|0.34137008|0.3160243|0.2966845|0.22031444|0.63727301|0.33891678|0.35319877|0.34955415|0.25556016|0.30904239|0.23917443|0.31194088|0.34371063|0.3208313
Islas Turcas y Caicos|0.14072782|0.12339136|0.20732254|0.14928359|0.14817789|0.32948321|0.61753356|0.13663062|0.10900165|0.13607442|0.59853959|0.11978921|0.11395121|0.097404644|0.59019446|0.14281094|0.12847492|0.55268264|0.1385918|0.10707338|0.26508096|0.14221007|0.13395092|0.20030758|0.1297397|0.091546059|0.12948263|0.12726176|0.13993478|0.64605606|0.14226818|0.65090591|0.10177827|0.3089909|0.14019346|0.13983545|0.14302801|0.26273754|0.14167953|0.35712713|0.48692825|0.17106029|0.15274052
Israel|0.6033054|0.56268895|0.51513785|0.60153252|0.37728438|0.49023956|0.51347947|0.20249294|0.69214135|0.5542261|0.51655054|0.37302506|0.4743726|0.75775266|0.53437889|0.28936321|0.38218343|0.57498705|0.31599829|0.42863512|0.36071235|0.57456023|0.56178749|0.49773496|0.37578529|0.68460196|0.50256288|0.46151778|0.15913108|0.20658134|0.69801545|0.55283338|0.29745987|0.64918733|0.57635194|0.15232919|0.1545842|0.4765113|0.26187611|0.56291163|0.32898051|0.43890011|0.5669713
Italia|0.88135362|0.78622699|0.54342949|0.43340373|0.70583773|0.47156924|0.62845755|0.38922849|0.75519645|0.91527057|0.59526968|0.34956518|0.58861381|0.77312452|0.67559254|0.6326046|0.55660015|0.72661507|0.32192385|0.54745299|0.55215335|0.61036044|0.63888305|0.6497097|0.5219326|0.71120292|0.69186038|0.55235267|0.48479134|0.27973163|0.64857256|0.55724323|0.42575341|0.50540096|0.26851022|0.82347965|0.66732836|0.61841518|0.51928031|0.57754856|0.61489093|0.63779712|0.4054392
Jamaica|0.74486995|0.45325801|0.79139864|0.74415863|0.78815281|0.78277731|0.79342926|0.54723912|0.81426919|0.42585599|0.62111574|0.53771371|0.72678721|0.63653839|0.80896103|0.62169969|0.74957442|0.69417232|0.60549366|0.49245811|0.85731822|0.62799388|0.74462444|0.8109051|0.7077148|0.66352999|0.67510593|0.84343505|0.51412594|0.56430399|0.62219471|0.80130076|0.77637416|0.78382206|0.6683172|0.66976702|0.85695302|0.7084924|0.59013426|0.73785806|0.72632188|0.78341687|0.79410946
Japón|0.55556411|0.65296632|0.3336446|0.61595619|0.61812282|0.31357905|0.31668726|0.096461862|0.49384117|0.37054116|0.53371441|0.09676367|0.69046545|0.79405004|0.32565391|0.22058588|0.144476|0.42484409|0.11613178|0.7138505|0.15778871|0.30225593|0.15652132|0.11186385|0.05333174|0.65305471|0.45847675|0.47255188|0.20951626|0.095799506|0.54774833|0.38014615|0.27285171|0.42711294|0.27578217|0.65032762|0.17956813|0.21930337|0.10939205|0.29026863|0.18869756|0.26739895|0.36408553
Jordania|0.16329294|0.14183186|0.37343159|0.12365428|0.13050514|0.09837842|0.38957322|0.15687519|0.28983808|0.15227464|0.16476315|0.76291817|0.45897764|0.50373727|0.19817254|0.30525172|0.27910414|0.13292907|0.1898371|0.50456989|0.26822352|0.11966382|0.13089812|0.20330462|0.40053517|0.37699682|0.10037374|0.18342996|0.16874123|0.20344606|0.64560312|0.27679402|0.25288713|0.48744655|0.53548795|0.17529228|0.12921098|0.27535105|0.30584341|0.18618901|0.26092565|0.17405923|0.1636087
Kazajistán|0.16014881|0.13379122|0.29789829|0.11142254|0.16770861|0.12586677|0.27980199|0.14113194|0.19299674|0.14199245|0.15807658|0.13780129|0.25720015|0.24306577|0.18009415|0.34138829|0.1506598|0.31310362|0.17873769|0.11276872|0.25170723|0.15189819|0.15276361|0.18877009|0.14116722|0.71618867|0.15062201|0.38123304|0.15096867|0.17547169|0.15824425|0.32021737|0.14851363|0.13190785|0.149488|0.1629502|0.15751112|0.27062517|0.27551946|0.21253569|0.3700695|0.29218996|0.16723888
Kenia|0.54324859|0.10398711|0.24568951|0.60601628|0.11848094|0.3756229|0.19885048|0.17306259|0.098041698|0.16911505|0.19165796|0.13429824|0.16197355|0.30357647|0.14804152|0.3533268|0.10765989|0.61787283|0.16951463|0.13588962|0.31367189|0.44279844|0.4610675|0.23589033|0.58842844|0.44467723|0.14753538|0.31359309|0.17185533|0.16550697|0.13356666|0.44251081|0.55297852|0.31984192|0.17921036|0.17091125|0.18721989|0.15609169|0.15290715|0.31060392|0.21095741|0.21220568|0.54757291
Kirguistán|0.13366005|0.11475426|0.10682496|0.13075414|0.14033759|0.10812367|0.10302399|0.11703894|0.13839234|0.13003474|0.13764352|0.1142915|0.22006583|0.23169544|0.15417045|0.29564983|0.1215939|0.10860735|0.13421005|0.10066532|0.22331455|0.1296235|0.11947171|0.16930383|0.096656933|0.58578068|0.13237229|0.11533371|0.12119834|0.13760309|0.12790802|0.10389178|0.09369804|0.11284331|0.11814395|0.13205183|0.12634659|0.087806806|0.20530716|0.10168099|0.10746791|0.14268428|0.13923848
Kuwait|0.23060703|0.25502518|0.28017288|0.2477473|0.4525035|0.21605849|0.31958228|0.26938394|0.43044376|0.39926234|0.20212464|0.36727655|0.24685907|0.38801301|0.3129245|0.34568292|0.28953478|0.20304076|0.17560928|0.32683218|0.4137063|0.20952034|0.25092727|0.31356701|0.36943808|0.28621531|0.42865276|0.30516464|0.31987551|0.36625129|0.27013192|0.24269226|0.26577875|0.35243118|0.25570822|0.29094076|0.28195271|0.19025874|0.12386245|0.21566018|0.27761036|0.51434457|0.27084959
Laos|0.20655639|0.18256694|0.15416256|0.20324515|0.17503712|0.18790895|0.17189047|0.23156239|0.14211199|0.14604154|0.25165787|0.20570083|0.11974641|0.05044131|0.17658679|0.10171761|0.14731866|0.15404716|0.1243644|0.1260857|0.33406585|0.18432131|0.14411208|0.25292715|0.15951905|0.10739219|0.18635648|0.12012974|0.24573073|0.25670016|0.19897765|0.16555001|0.51083291|0.1596131|0.19811684|0.24055348|0.23403364|0.12377544|0.24044836|0.15724126|0.45594779|0.22928619|0.18526277
Lesoto|0.25784415|0.22281104|0.18214989|0.23866072|0.25951731|0.19172862|0.20547967|0.24340254|0.20342699|0.22851393|0.26661548|0.26564741|0.26776975|0.29172602|0.2427659|0.41742551|0.22074187|0.18330722|0.2519775|0.18720898|0.39372405|0.25407255|0.23352909|0.29679585|0.21681836|0.15097184|0.23391058|0.18029991|0.26443741|0.35332578|0.24053013|0.18874851|0.17635445|0.20078707|0.75094283|0.26387671|0.26845494|0.21644691|0.43428636|0.19717318|0.16218896|0.27052146|0.23862192
Letonia|0.35550594|0.24346814|0.30370322|0.27123961|0.53452587|0.23108384|0.24956436|0.3329398|0.58536148|0.51260382|0.66453737|0.27532095|0.55054164|0.69407785|0.64554739|0.46622956|0.37927464|0.26040429|0.39833087|0.52514672|0.48502645|0.49945194|0.32171702|0.37139487|0.24296734|0.54882485|0.32551721|0.33564648|0.35573047|0.36953402|0.23696095|0.23701575|0.33789584|0.47264731|0.32964414|0.38560724|0.26568609|0.68977392|0.47170866|0.2318584|0.55998707|0.50804806|0.45105249
Liberia|0.46030802|0.4470886|0.61445528|0.45207173|0.42689931|0.56048971|0.46581149|0.53421772|0.37197343|0.43601957|0.46785319|0.82914293|0.30786288|0.30632132|0.50491029|0.54589748|0.43845612|0.41171092|0.4877373|0.38357657|0.79820889|0.42506802|0.43006304|0.61674154|0.45144698|0.32721636|0.37359828|0.37411064|0.4709973|0.53770649|0.48417288|0.43915725|0.78884983|0.41757107|0.44492406|0.52174777|0.50775456|0.33142549|0.41278535|0.41281292|0.51679337|0.61306959|0.41358128
Libia|0.039585426|0.035430223|0.081571445|0.052517235|0.039296351|0.034600493|0.04213874|0.034208998|0.036206014|0.036109362|0.14321765|0.17240468|0.03433226|0.070661776|0.051078834|0.050406639|0.035282739|0.039575294|0.036026176|0.033343725|0.086849242|0.043451864|0.04163434|0.057363965|0.035772432|0.02581436|0.035672899|0.091976002|0.038220532|0.03913473|0.039565291|0.034509502|0.030034076|0.037240285|0.040261194|0.042854827|0.046381816|0.03242369|0.041453075|0.025603395|0.050611716|0.05767655|0.041504208
Lituania|0.36156884|0.24916084|0.50349104|0.22967178|0.31905422|0.21016398|0.4024291|0.33894166|0.6406101|0.59664196|0.28991324|0.28417313|0.49832702|0.65090621|0.30369788|0.36667943|0.31424373|0.59967637|0.40437466|0.61792541|0.49751869|0.53508049|0.31252402|0.38333264|0.23009109|0.43223125|0.60645288|0.29677999|0.28652775|0.37838179|0.81022131|0.37734997|0.25812519|0.39737928|0.33584878|0.29367676|0.2506429|0.60268021|0.47787774|0.17666477|0.52145857|0.51726079|0.64489591
Luxemburgo|0.40281326|0.60132068|0.29453924|0.35072765|0.6590901|0.26611254|0.28381562|0.40363497|0.28593823|0.32612452|0.6676479|0.37020028|0.37549272|0.38423479|0.43161246|0.50948679|0.35621566|0.29404581|0.50263917|0.28584039|0.59505653|0.3343724|0.372509|0.46230555|0.28476071|0.22387251|0.36955559|0.24914227|0.74843931|0.44520119|0.30778676|0.27995223|0.41730994|0.27058828|0.38520801|0.43017912|0.67025232|0.31686589|0.5375011|0.25593448|0.60377097|0.44181958|0.30218029
Líbano|0.13771354|0.18569878|0.28416216|0.21852639|0.22943565|0.4640232|0.35732561|0.21238613|0.62806243|0.18455654|0.14762598|0.91688311|0.41881907|0.5805971|0.56812674|0.29281753|0.46203676|0.35920972|0.29769194|0.12901577|0.34616441|0.17540196|0.40220004|0.26364177|0.16881096|0.40906355|0.47261316|0.1244548|0.51055515|0.23263904|0.19260439|0.42702591|0.34874424|0.57565081|0.69629622|0.23770517|0.22175129|0.50963628|0.4628444|0.52143341|0.33184183|0.38363886|0.48831296
Macao|0.26970354|0.2397577|0.19306991|0.27907142|0.22063085|0.2347717|0.22251785|0.27614492|0.22628413|0.25324276|0.27452719|0.25988054|0.24044426|0.6469698|0.30670166|0.24267299|0.20483193|0.22868177|0.28571659|0.21004671|0.45434839|0.21386692|0.26310843|0.34754658|0.25197464|0.17280978|0.23793882|0.19233075|0.6060583|0.30014864|0.27717897|0.23993251|0.21080258|0.23017688|0.29008168|0.69217175|0.31778687|0.23052862|0.29521316|0.19022483|0.19288664|0.32686517|0.26808318
Madagascar|0.30519143|0.26823878|0.58239317|0.33478746|0.19183035|0.26293856|0.56977797|0.32710129|0.52109432|0.27969193|0.31075892|0.25071958|0.42522448|0.1279714|0.35020068|0.30967855|0.22446394|0.50974834|0.29423311|0.24558032|0.56586921|0.64761853|0.27906185|0.44118237|0.63963312|0.19724286|0.21489295|0.23767504|0.30435988|0.30621296|0.2661702|0.53191566|0.55571079|0.2646631|0.24686211|0.30484122|0.29296827|0.59850657|0.21338049|0.5150702|0.28096157|0.41246587|0.31358415
Malasia|0.022728287|0.58353829|0.12702116|0.48131734|0.022751966|0.45865411|0.11396074|0.039938018|0.18301299|0.04011523|0.055784486|0.054771047|0.52779984|0.65637171|0.033607949|0.13544223|0.13188927|0.025427224|0.051659521|0.3657575|0.045683943|0.49410596|0.35148156|0.14917846|0.57934487|0.28001845|0.46460974|0.42412126|0.021442879|0.053715385|0.54112601|0.46458107|0.24870306|0.019432567|0.096815251|0.64717251|0.19556659|0.42165494|0.12671481|0.32521868|0.088668682|0.094213516|0.13498192
Maldivas|0.092923656|0.050436817|0.068392165|0.092704885|0.091965526|0.068980046|0.085496023|0.073851123|0.24555622|0.079993479|0.08314091|0.085637733|0.15347284|0.21449138|0.10198837|0.25964072|0.079150684|0.071890503|0.082991891|0.069727458|0.12819725|0.08932294|0.085949592|0.08792267|0.085218802|0.26057833|0.077952087|0.073253706|0.088101789|0.099033326|0.087683849|0.069191366|0.064357139|0.32963753|0.08471328|0.089350022|0.08010149|0.19753891|0.081593849|0.066463083|0.4456799|0.15822524|0.087657452
Malta|0.38336149|0.53128576|0.2749331|0.32839003|0.41701615|0.45238918|0.2870543|0.37384486|0.25570208|0.63505203|0.3861331|0.67020077|0.38428164|0.36819023|0.40049538|0.48934025|0.41769588|0.52861273|0.45331752|0.44827509|0.53894585|0.26582977|0.35840091|0.42248926|0.27080137|0.49988165|0.35036749|0.22721493|0.38873476|0.41431087|0.2804226|0.28376898|0.33416167|0.62165529|0.35892028|0.33960575|0.37110084|0.29979867|0.50609291|0.25871858|0.53095758|0.396469|0.54418629
Malí|0.45206463|0.43080103|0.67143512|0.44375461|0.36309361|0.40054366|0.39847514|0.52079332|0.36653164|0.42239141|0.45970586|0.46728468|0.30232909|0.29566956|0.49631354|0.53732073|0.42764884|0.40073639|0.46592137|0.37297714|0.78002036|0.45958376|0.42403942|0.60386014|0.43785498|0.31387123|0.52411687|0.6217128|0.40589011|0.52102178|0.47017431|0.39023274|0.43232602|0.36495617|0.49007705|0.49919981|0.50180781|0.3272078|0.4013167|0.40458643|0.39905548|0.59742248|0.47091806
Marruecos|0.69514263|0.27477735|0.36488822|0.52196807|0.27100536|0.25323942|0.35091025|0.38003236|0.45391825|0.58446372|0.34826323|0.30274418|0.49066341|0.57481438|0.28039807|0.27566174|0.52204299|0.2392768|0.36243272|0.43485248|0.59065866|0.30596262|0.2448864|0.45849848|0.29167244|0.41899204|0.2409586|0.25249699|0.61807281|0.40754336|0.31213099|0.24557632|0.2802428|0.24028677|0.58088332|0.36121529|0.39788178|0.74339521|0.35550389|0.7407608|0.37294877|0.43527257|0.57436663
Mauricio|0.262909|0.14518932|0.47681513|0.16581526|0.27843624|0.15128273|0.21501511|0.22580078|0.085953481|0.20950463|0.20942378|0.29987624|0.28612366|0.22625113|0.26258278|0.27855045|0.24314716|0.31585106|0.30119476|0.17094865|0.34086281|0.22582752|0.2666955|0.25925148|0.18466391|0.14305961|0.25382951|0.29121512|0.27087358|0.31801885|0.21376289|0.17910233|0.15432961|0.17794466|0.21310577|0.28412402|0.21618672|0.24406143|0.36172432|0.14916468|0.51387972|0.37650451|0.2255244
Mauritania|0.42771435|0.38373107|0.45362896|0.45844603|0.3735784|0.40723345|0.41967607|0.56484485|0.63472492|0.44234496|0.47690558|0.83967257|0.31148869|0.31256878|0.51137382|0.55235463|0.43425471|0.41806138|0.4995243|0.3414596|0.80872107|0.47445309|0.45119831|0.62643242|0.71603894|0.33345145|0.39029014|0.37701392|0.49055213|0.56136262|0.46693933|0.43396616|0.36918956|0.40675288|0.49977362|0.50615931|0.51970881|0.50567752|0.42475793|0.55265003|0.42787308|0.62003893|0.46353042
Micronesia|0.10747211|0.091789477|0.091287799|0.11969006|0.12315468|0.094174236|0.09936288|0.1136062|0.26799333|0.11478516|0.12035057|0.15799478|0.21393345|0.08963304|0.13592926|0.14636643|0.10176207|0.09638343|0.14625922|0.085813895|0.20141691|0.098228276|0.1079912|0.15226574|0.10524786|0.076346517|0.10717376|0.09574531|0.11436999|0.13008973|0.10343968|0.51965737|0.07959085|0.090944774|0.10551623|0.11626889|0.11167356|0.092347778|0.34810162|0.082713231|0.12260477|0.1283152|0.11381176
Moldavia|0.2843498|0.35304737|0.20408493|0.3394711|0.34240827|0.27625483|0.26746768|0.36459059|0.14496285|0.31441376|0.23870158|0.39002576|0.27542526|0.22334647|0.29745692|0.21399085|0.40154001|0.25237387|0.42039764|0.27432352|0.56881189|0.33060265|0.30623591|0.44405043|0.30052844|0.55851054|0.26892838|0.57195747|0.39553338|0.42089665|0.32323229|0.53624433|0.24485725|0.25431064|0.36929432|0.33653259|0.38451225|0.23752466|0.32853818|0.26932609|0.3154282|0.41533488|0.27943951
Mongolia|0.28107205|0.27802244|0.21541366|0.25498453|0.30300876|0.2590203|0.52881163|0.31376278|0.24853881|0.27407473|0.30642211|0.25397825|0.19614545|0.3807252|0.3467381|0.13009474|0.27322131|0.20707074|0.31306595|0.43874112|0.42576802|0.23735112|0.29347593|0.32425785|0.22015549|0.31694573|0.26199278|0.49500233|0.32566166|0.30925363|0.2976326|0.26363358|0.67692477|0.22588287|0.30993468|0.30167788|0.32649851|0.46131247|0.33426568|0.2289875|0.25376505|0.2980431|0.21348825
Montenegro|0.43204045|0.39158016|0.33661342|0.39946201|0.44349605|0.37288633|0.41593784|0.46780318|0.68571591|0.7148273|0.39353469|0.45029986|0.33159173|0.26442829|0.46973157|0.4798643|0.45925751|0.54162627|0.48449826|0.32087415|0.6605128|0.42177844|0.45732293|0.50894672|0.37277949|0.6454494|0.36205181|0.36128712|0.44298258|0.42398882|0.42053998|0.40821671|0.34255144|0.360558|0.44829559|0.45526901|0.46248665|0.36030483|0.53471172|0.35051149|0.57571161|0.48313445|0.40855342
Montserrat|0.46618491|0.43723744|0.37827355|0.49585491|0.47668445|0.45580971|0.48900682|0.58399081|0.41002673|0.41893268|0.47990823|0.54467809|0.41560495|0.34855527|0.54601604|0.60955721|0.4944407|0.45172089|0.60836792|0.41175836|0.8801977|0.52108753|0.49575239|0.68612438|0.41135001|0.36384153|0.40965205|0.43369862|0.4986178|0.61071587|0.52844805|0.47890386|0.42239159|0.44869119|0.52025819|0.51556349|0.55741912|0.41414231|0.67025626|0.39180657|0.47321695|0.68534875|0.46663576
Mozambique|0.3527503|0.29554048|0.72318387|0.526447|0.28410703|0.29423144|0.54989433|0.39373121|0.30321702|0.30753782|0.70817935|0.33925077|0.77365732|0.16322523|0.38926452|0.36344939|0.56243378|0.29823458|0.34326106|0.27793294|0.63577068|0.34494472|0.34786919|0.49183619|0.34152716|0.21641488|0.24774003|0.49057752|0.35142964|0.3850261|0.3559553|0.48572993|0.6602788|0.30244228|0.38830692|0.35799101|0.40587652|0.45468557|0.25861019|0.46350414|0.32136124|0.46869242|0.30569816
Myanmar|0.24212494|0.16075125|0.17319998|0.24183735|0.18289915|0.14492968|0.16805249|0.23816583|0.16099809|0.17822438|0.16148368|0.73062718|0.085382156|0.081360191|0.18374471|0.24856022|0.16190365|0.14038816|0.24513257|0.1620388|0.35279566|0.24112682|0.22984549|0.26985919|0.17887419|0.15811928|0.19576511|0.16600193|0.18107253|0.27665371|0.17068458|0.20402038|0.28740013|0.14595775|0.23680818|0.25044361|0.2600624|0.18193346|0.16233033|0.40909725|0.28397787|0.24077713|0.43052125
México|1.0|0.77082956|0.73053217|0.93318319|0.91246957|0.79517412|0.78761107|0.48451442|0.60387242|0.45895404|0.7013762|0.5767473|0.99514997|0.72810173|0.74535596|0.81867528|0.81440711|0.88707477|0.56380302|0.86725843|0.8162446|0.89398122|0.71928549|0.84096217|0.70077324|0.49272037|0.66101646|0.78758562|0.89426708|0.70019686|0.88988376|0.74863458|0.80570078|0.83624256|0.74798989|0.97494578|0.9106409|0.81919169|0.66703933|0.81778884|0.84816283|0.85268074|0.68284875
Nicaragua|0.59988499|0.6125415|0.82347977|0.87064266|0.61524838|0.76349092|0.90476239|0.60864806|0.33247828|0.49340111|0.57163566|0.58003122|0.80196917|0.39337137|0.79453433|0.91475666|0.80173278|0.58193952|0.62123716|0.70103526|0.89974481|0.94702661|0.82621038|0.81376445|0.8375538|0.48967794|0.64021742|0.88196683|0.67342091|0.57270515|0.70798844|0.74063808|0.89373255|0.75053167|0.85165226|0.57043988|0.63214099|0.78332305|0.64367485|0.79867643|0.81638205|0.82350099|0.87547147
Nigeria|0.41794044|0.39446789|0.78667748|0.63931388|0.68393087|0.60849708|0.60958815|0.47124806|0.34084216|0.37487954|0.43137568|0.41585803|0.49372026|0.25172761|0.46644139|0.49932039|0.36677977|0.87407672|0.37745649|0.48965913|0.71959484|0.4383049|0.58077157|0.55773306|0.57642627|0.27006251|0.31868169|0.54179108|0.41834903|0.49401033|0.42412373|0.53909457|0.73528123|0.51523072|0.67853159|0.45193946|0.47448391|0.58900464|0.3381784|0.44606125|0.63532484|0.5484482|0.57852829
Noruega|0.17795715|0.33073834|0.23743707|0.14637083|0.48930335|0.54255801|0.27090126|0.2155422|0.46469784|0.52366149|0.17515105|0.21603781|0.36862546|0.80497074|0.55495119|0.43780273|0.19106834|0.34937948|0.14913693|0.4956772|0.30926743|0.32334974|0.19373786|0.232079|0.32253695|0.45071751|0.44254193|0.50619233|0.45578718|0.24689534|0.63775408|0.38587666|0.30471438|0.15642905|0.16298477|0.14914945|0.15061727|0.23330435|0.24922498|0.13680308|0.5715313|0.34654218|0.34625226
Nueva Zelanda|0.66096729|0.28238636|0.44145083|0.7131592|0.72261977|0.43718034|0.47737777|0.41741896|0.5029946|0.33678308|0.57819605|0.42851353|0.44616073|0.70377308|0.42254329|0.65888166|0.55258781|0.56282181|0.41444007|0.6125015|0.63883471|0.2767882|0.74069393|0.65597403|0.74881959|0.63427794|0.5901047|0.46918228|0.32963341|0.35631472|0.4415133|0.46128312|0.44542801|0.54833698|0.46988919|0.7837429|0.52906978|0.53931606|0.44396016|0.47920525|0.62094033|0.64357936|0.44777447
Níger|0.42182744|0.39829153|0.5118984|0.41056293|0.38034645|0.32644969|0.37521547|0.47774956|0.34470037|0.37873346|0.43795505|0.42531961|0.26109463|0.25821227|0.4732075|0.50607818|0.3733291|0.36230576|0.38950339|0.33840978|0.72534382|0.43144977|0.37859565|0.56241202|0.64661682|0.27379882|0.33289343|0.3496896|0.42490748|0.49004716|0.42813152|0.3983863|0.33079052|0.36799493|0.45785517|0.46429056|0.47025692|0.31362545|0.34500253|0.34521443|0.39036155|0.55314112|0.42278415
Omán|0.62709713|0.47082204|0.47171205|0.068894997|0.10858677|0.3616522|0.34303671|0.10145641|0.57567382|0.10288581|0.10990517|0.108448|0.15050218|0.54111797|0.1268602|0.30226347|0.28251064|0.089840382|0.10959004|0.2564818|0.17111245|0.40545797|0.082185522|0.1233691|0.62684047|0.38209406|0.097340152|0.59607959|0.10875225|0.11652276|0.1063062|0.1505845|0.46980432|0.50126779|0.24997273|0.10568008|0.10522954|0.25890923|0.087585971|0.20966595|0.19573423|0.11025807|0.29929942
Pakistán|0.2277199|0.40313715|0.32391822|0.15839332|0.1115334|0.25035959|0.46091855|0.19521129|0.18975845|0.19600783|0.095789403|0.26276326|0.14367372|0.14036404|0.114291|0.090824038|0.09523277|0.50591612|0.19585356|0.15841582|0.33732703|0.13357025|0.32970589|0.25600073|0.1093716|0.13090351|0.4534502|0.41751552|0.18792817|0.15802887|0.11115444|0.085582957|0.43667001|0.49341321|0.20285016|0.6282177|0.19121814|0.48960668|0.16563708|0.65458846|0.092944972|0.23236223|0.11086392
Palaos|0.078215025|0.066128537|0.05586556|0.075933337|0.074428685|0.04554316|0.072207123|0.057745777|0.23333234|0.059863321|0.070221364|0.073084965|0.25027844|0.21058586|0.089886636|0.11805889|0.062486868|0.056194961|0.062513813|0.055548079|0.08256267|0.07820417|0.075802036|0.053628694|0.064295143|0.048057482|0.060492344|0.039929718|0.076827072|0.073298112|0.063315049|0.055286393|0.055144455|0.058370091|0.067110173|0.074371748|0.038019113|0.061549276|0.28154045|0.052945048|0.065965116|0.053934108|0.070653714
Palestina|0.19952163|0.19458771|0.48004162|0.2216838|0.24676952|0.18016484|0.20192581|0.20598641|0.34892657|0.20121481|0.25456357|0.31478682|0.35593885|0.28255108|0.23347428|0.41072094|0.15699838|0.13685894|0.30416|0.16706966|0.35638034|0.22308543|0.21869767|0.2731415|0.17289983|0.13693634|0.1892693|0.1766755|0.23872918|0.19519114|0.19551027|0.16052856|0.13567278|0.59007859|0.21605158|0.22743846|0.22614893|0.16611481|0.25569057|0.16812386|0.43909901|0.24406341|0.19916879
Panamá|0.92636961|0.70318174|0.9210003|0.85512614|0.83726752|0.8246659|0.94259822|0.57018995|0.656771|0.60657454|0.85663915|0.58380127|0.89341748|0.50714183|0.92088658|1.0|0.86650294|0.79370308|0.70922381|0.78331828|0.80558276|0.90689504|0.88057655|0.87422514|0.80252934|0.70275652|0.77206481|0.92259461|0.74205506|0.71048802|0.93098962|0.88307327|0.90029937|0.85691088|0.90802586|0.88336635|0.81281412|0.84013021|0.56393814|0.80593872|0.84067547|0.86017549|0.96177614
Paraguay|0.70297742|0.50648445|0.62586546|0.79903376|0.69637692|0.75148398|0.84529638|0.61612231|0.45046276|0.50528753|0.73739648|0.52453816|0.7232796|0.44151056|0.63844317|0.92863572|0.74140513|0.70655376|0.61558777|0.81039119|0.90857691|0.7791416|0.81207645|0.8231653|0.79091823|0.38757306|0.7355566|0.86301607|0.66060889|0.61409545|0.77782965|0.81721675|0.76860213|0.79941535|0.64482111|0.87926161|0.74515998|0.7725668|0.67329383|0.79308814|0.77360106|0.81842923|0.82431281
Países Bajos|0.88972884|0.74571836|0.63143069|0.53808093|0.67240477|0.57182896|0.61330718|0.40944341|0.73961973|0.9017936|0.63289535|0.37608433|0.76387799|0.78420776|0.61359227|0.67334884|0.51738358|0.63955742|0.35879135|0.72242111|0.59878945|0.76036942|0.60417092|0.65918994|0.61614394|0.76446199|0.97137451|0.55819631|0.53281695|0.32089382|0.43805751|0.60157967|0.62105978|0.5563001|0.71144998|0.5621137|0.71675706|0.60903609|0.54068434|0.63295454|0.64206994|0.69383633|0.68828416
Perú|0.79854035|0.7150296|0.94669807|0.95415831|0.84805489|0.93743807|0.91889155|0.7247659|0.87188703|0.50883257|0.80796647|0.7833817|0.87685752|0.56333059|0.94802725|0.95537221|1.0|0.88029289|0.64596701|0.77939022|0.98426652|0.97039175|0.84932303|0.93930411|0.91827691|0.65647465|0.65423334|0.9106369|1.0|0.77496421|0.85610205|0.82808322|0.86949718|0.88680857|0.80569446|0.93038303|0.98525751|0.89389569|0.7043364|0.93996906|0.85293031|0.94088465|0.88168544
Polonia|0.37304541|0.74262524|0.50014096|0.41910324|0.47349691|0.33903876|0.33216113|0.3555482|0.66008985|0.81242526|0.52701604|0.31782037|0.57367557|0.64167458|0.30950204|0.33539581|0.46953952|0.65012306|0.42940781|0.62595451|0.51974809|0.64301986|0.54149991|0.40798748|0.22342989|0.75719237|0.59285498|0.36910596|0.25732806|0.24109232|0.41174179|0.21320736|0.47654289|0.55245596|0.68388844|0.58688504|0.51681876|0.59225786|0.49266851|0.63915414|0.54214609|0.5868156|0.59877741
Portugal|0.64315039|0.59087765|0.58829683|0.63267475|0.57340324|0.58307076|0.60010028|0.43851209|0.49094981|0.81871444|0.66174448|0.41220206|0.75349736|0.71959031|0.35578313|0.46323568|0.40829185|0.61100137|0.40720212|0.30131108|0.64708847|0.34126979|0.38618621|0.50107789|0.59475553|0.53242099|0.61248362|0.54826951|0.37582058|0.37534159|0.51992738|0.59353006|0.48328331|0.60940307|0.64177096|0.65584004|0.34562245|0.71724439|0.46562809|0.46068054|0.65392011|0.66035533|0.53222638
Qatar|0.21055371|0.22970825|0.43528211|0.16915634|0.52824605|0.17706054|0.50589812|0.24697167|0.29357708|0.56762701|0.18219784|0.7880004|0.22404365|0.51689023|0.28420904|0.32245827|0.58426464|0.5693602|0.15567268|0.4075278|0.39048415|0.46265805|0.53601164|0.29373604|0.54937041|0.52251071|0.7904073|0.66634715|0.55462033|0.33221471|0.24696344|0.52825397|0.3793906|0.61218584|0.64990699|0.1983503|0.56431901|0.47097641|0.11408867|0.27262634|0.55723393|0.47444361|0.50986016
Reino Unido|0.77441263|0.81618249|0.68374968|0.46396744|0.68667769|0.64824784|0.58848357|0.48105991|0.69617999|0.9610762|0.64085764|0.77599663|0.82365239|0.83485281|0.81651348|0.66184843|0.60608423|0.66719985|0.54597497|0.77619374|0.67994511|0.61636221|0.64570296|0.70542109|0.56784385|0.78939521|0.86013091|0.65119565|0.71872586|0.48638868|0.90818679|0.64547443|0.62552643|0.72902155|0.82555276|0.86044371|0.58843386|0.67069638|0.57459348|0.67267072|0.79249382|0.73478973|0.69567043
República Centroafricana|0.29090285|0.3094117|0.58542067|0.36042887|0.2236315|0.28712684|0.2906273|0.45128024|0.16677597|0.31901827|0.31887743|0.40032241|0.16689166|0.17733642|0.38190719|0.44635087|0.25884312|0.30274338|0.33656859|0.28203717|0.67690241|0.31632385|0.39374024|0.52243042|0.31950739|0.22112629|0.25791639|0.26094696|0.2201616|0.42809027|0.35218254|0.32304111|0.23717156|0.29599392|0.39597401|0.32009789|0.41188097|0.19303593|0.31525606|0.28155869|0.2742613|0.50485265|0.35087463
República Checa|0.32375136|0.76722175|0.39123267|0.58005136|0.33261895|0.43325591|0.63473535|0.37082633|0.70601135|0.54955637|0.67540461|0.33618605|0.64186585|0.5910337|0.33307603|0.41362041|0.31108049|0.43603861|0.44754443|0.42085689|0.53264856|0.60151601|0.61765629|0.58041108|0.24580675|0.78476363|0.54203099|0.3986482|0.30764556|0.25346404|0.40872294|0.37415254|0.3663058|0.38527104|0.63647121|0.3133781|0.27229065|0.43634069|0.5029853|0.49861461|0.49346933|0.39046329|0.39444596
República Democratica del Congo|0.39790305|0.36041957|0.74605954|0.38548431|0.32597008|0.48727992|0.5365203|0.45761111|0.31470573|0.35169208|0.40022022|0.81825233|0.2438727|0.24624486|0.44023567|0.20222503|0.38812804|0.33682218|0.48152623|0.56638491|0.69702107|0.36300963|0.49882108|0.53928959|0.3256973|0.24899793|0.34126365|0.56452978|0.40864122|0.47626877|0.39260674|0.47428989|0.40784505|0.30613413|0.69126183|0.41987553|0.43180233|0.42783445|0.35102648|0.36551747|0.48072755|0.52721876|0.38118637
República Dominicana|0.91474628|0.66177368|0.81868756|0.92142475|0.74436837|0.9234091|0.93703908|0.6270023|0.83591688|0.49773961|0.7611599|0.53161669|0.78861165|0.54449159|0.88407612|0.95931053|0.8460865|0.74994206|0.72773361|0.64348561|0.91278362|0.80116421|0.78768831|0.88043892|0.87792659|0.76141667|0.79327607|0.87916648|0.8015874|0.75108135|0.89689785|0.86090368|0.89038432|0.90022355|0.93923211|0.91522825|0.94428349|0.79597378|0.59307635|0.89924502|0.86681116|0.86900282|0.7912004
Ruanda|0.19114062|0.15778589|0.1400404|0.19824237|0.17991823|0.42458898|0.16272913|0.16955045|0.12769675|0.16611445|0.19496071|0.15219243|0.18509819|0.13711275|0.20610449|0.40452045|0.16804305|0.14948317|0.18653584|0.14196125|0.29290614|0.18946865|0.1704673|0.22134581|0.16317099|0.11063509|0.16133931|0.14460298|0.18456404|0.18588436|0.18107626|0.5114916|0.42923599|0.42999461|0.1763396|0.18548486|0.18396071|0.15909013|0.19901997|0.12569094|0.16676681|0.19488353|0.18937305
Rumania|0.34552261|0.72407669|0.46201038|0.53010994|0.50599098|0.30706477|0.44678053|0.3204065|0.56867236|0.69099128|0.35402781|0.25697055|0.68012571|0.74381691|0.24876279|0.45329964|0.61802107|0.52512956|0.38020781|0.55357015|0.47216249|0.58966047|0.51173532|0.36018634|0.20159724|0.69734287|0.70899022|0.5609352|0.59570825|0.35939342|0.22731754|0.18214273|0.2619811|0.18182002|0.32196987|0.27981064|0.591281|0.37084633|0.45321155|0.45407513|0.50911659|0.49408567|0.46076474
Rusia|0.22482133|0.35724232|0.34582937|0.54584384|0.48445505|0.51434213|0.5467335|0.19246551|0.6208427|0.7183001|0.57489747|0.8843714|0.60865742|0.60048634|0.23964372|0.23416287|0.49143004|0.39111322|0.27106836|0.58823729|0.41860059|0.40927559|0.36252576|0.31769446|0.36398321|0.60663193|0.67813045|0.25686485|0.14686295|0.67567807|0.72223467|0.29010552|0.21426156|0.28176236|0.45279509|0.63818097|0.14717385|0.25084943|0.29220212|0.38808316|0.41342539|0.49025944|0.53573269
San Cristóbal Y Nieves|0.46930757|0.46737608|0.69952768|0.50003111|0.46929699|0.69717681|0.48358929|0.59312272|0.74540246|0.43188226|0.49923211|0.59662879|0.66242361|0.37264684|0.75329232|0.606493|0.50675827|0.80292928|0.60068738|0.52051508|0.85438907|0.42864451|0.50867116|0.67185193|0.47393566|0.48339349|0.53886956|0.59160805|0.50567919|0.61820269|0.5112918|0.68234676|0.52301407|0.60331494|0.77287281|0.53609824|0.56095821|0.54536712|0.68222302|0.44280627|0.69069099|0.66830063|0.4541539
San Marino|0.055975106|0.046055689|0.040418401|0.060855046|0.05835738|0.042176947|0.054047517|0.044577226|0.044262655|0.04687788|0.049425665|0.042573951|0.042569745|0.035923675|0.065430708|0.061987013|0.045877136|0.047766116|0.044044934|0.040797453|0.10384692|0.052054755|0.05083441|0.069301844|0.043737739|0.033294536|0.046349488|0.04923775|0.054322712|0.047808278|0.056526251|0.042486224|0.038630612|0.048247024|0.052479774|0.052311983|0.058163092|0.040259145|0.050614964|0.033763058|0.059946198|0.069680274|0.056141362
Senegal|0.47661117|0.36467749|0.60568762|0.64273238|0.44044077|0.42174593|0.42666495|0.55025142|0.61281538|0.44951466|0.48952949|0.48141909|0.31872308|0.31958428|0.51881719|0.55978543|0.59366298|0.42801303|0.51215291|0.39678982|0.821504|0.48180497|0.44412121|0.63758874|0.73309588|0.34044242|0.38704884|0.60432464|0.4816969|0.55150986|0.4980202|0.41866761|0.72024047|0.38138694|0.46088794|0.53319806|0.53266859|0.55917209|0.43775403|0.53309762|0.4238725|0.62848419|0.49643713
Serbia|0.42469722|0.38806683|0.45766258|0.36833251|0.4199118|0.31686538|0.33899772|0.46039417|0.32821584|0.36541343|0.34032872|0.3963517|0.23298654|0.25519904|0.40760955|0.25287077|0.360286|0.35286766|0.36650777|0.32376996|0.7046833|0.7232613|0.37529546|0.54617232|0.33854705|0.42640883|0.31037933|0.32326978|0.43241054|0.4310452|0.41689605|0.35372445|0.30123091|0.35630128|0.43425864|0.3885774|0.46538889|0.66480422|0.29930359|0.66953051|0.58172953|0.53137934|0.40129578
Seychelles|0.11806747|0.061748691|0.095182396|0.13382618|0.13329431|0.1050905|0.12279829|0.13103545|0.28303856|0.11152087|0.11459455|0.23211296|0.289352|0.084912501|0.16341153|0.28183377|0.11531113|0.39435837|0.26461217|0.091788411|0.21995632|0.094553083|0.11653718|0.16616765|0.11222935|0.30244413|0.11525901|0.2650317|0.1295438|0.15470162|0.11393262|0.091939956|0.10474774|0.098467082|0.12124985|0.13501707|0.084619977|0.10386156|0.2255483|0.089906275|0.69411629|0.2613073|0.12458802
Sierra Leona|0.47282222|0.45678353|0.77972817|0.46736026|0.43393135|0.38936126|0.40993208|0.54110575|0.37625134|0.44575602|0.4830448|0.81531858|0.31492552|0.31591851|0.51489389|0.5558697|0.44814208|0.42149228|0.50566542|0.39314392|0.81327909|0.47793669|0.43740514|0.63034284|0.46116287|0.3367914|0.38330805|0.51649177|0.47796357|0.54762793|0.49138844|0.44614419|0.60754657|0.43284121|0.50640386|0.52916443|0.52598178|0.34650338|0.43104535|0.3979044|0.44948471|0.62395787|0.49245864
Singapur|0.61799085|0.65605056|0.35840648|0.10770024|0.40546808|0.26925671|0.58096695|0.16646552|0.5310663|0.50141317|0.4860329|0.18730569|0.48596853|0.70047599|0.35877296|0.13901442|0.33100551|0.39734864|0.22917151|0.62924677|0.2482613|0.31200433|0.30297869|0.1855773|0.44813466|0.57969153|0.63670939|0.38616788|0.13361034|0.7680316|0.60490018|0.29997361|0.20795709|0.66901648|0.53036374|0.12876433|0.091915935|0.51662892|0.23752433|0.51837695|0.55343956|0.33022195|0.2577439
Siria|0.22140874|0.19182009|0.16333064|0.44877052|0.20862156|0.16175094|0.1804617|0.28602627|0.31825143|0.22077963|0.23549023|0.36442745|0.19186029|0.4381859|0.24554294|0.16719511|0.19895759|0.1799863|0.24854213|0.18427798|0.4459047|0.22919798|0.23975259|0.34112865|0.73710036|0.14740618|0.44624472|0.16999152|0.23593707|0.33506575|0.20936361|0.1714479|0.15127799|0.45412844|0.20655686|0.26781064|0.31157461|0.38006139|0.40967402|0.44981414|0.18083672|0.32042086|0.20764422
Somalia|0.21365711|0.21293756|0.33069217|0.28919199|0.20394079|0.22488037|0.2353752|0.29543301|0.1011129|0.25045612|0.22390626|0.22617587|0.14683053|0.10436328|0.27439815|0.14996834|0.19566873|0.2256507|0.19278064|0.21331304|0.49431056|0.25834718|0.18338907|0.38029331|0.26225436|0.1797345|0.1798832|0.23027921|0.20631285|0.18878379|0.27327922|0.22860569|0.51872557|0.23730895|0.27204323|0.20583454|0.29925525|0.16268715|0.13106626|0.22173764|0.1858736|0.356938|0.80790097
Sri Lanka|0.042968914|0.31726262|0.35083228|0.17215465|0.04689147|0.031362638|0.038048975|0.066836432|0.11329554|0.075054087|0.041086853|0.077385157|0.094419479|0.078035071|0.07405372|0.23961189|0.071953073|0.24234462|0.079800561|0.06521599|0.12008853|0.056638092|0.058551356|0.080751829|0.074213237|0.057434089|0.042907432|0.044487022|0.060948528|0.07741265|0.05042199|0.047364414|0.043021563|0.052205108|0.5841679|0.083578289|0.055426836|0.1481718|0.15607566|0.38457131|0.25066888|0.15377441|0.05197645
Sudáfrica|0.17391443|0.57222861|0.62860578|0.18495241|0.15873188|0.61186057|0.67717814|0.2230103|0.42137688|0.21258032|0.41753039|0.19516549|0.66658545|0.6659413|0.23019348|0.44068149|0.47758836|0.57859969|0.24004045|0.60078681|0.36364639|0.6049841|0.56563902|0.4737469|0.15423642|0.4233222|0.43951446|0.40510398|0.23319283|0.26055545|0.65203249|0.36398673|0.54377592|0.46429765|0.14432357|0.15561101|0.13837931|0.424992|0.46868318|0.54697376|0.30360189|0.40251553|0.6254788
Sudán|0.2521981|0.21008962|0.38136822|0.34298807|0.23534027|0.21887714|0.23893234|0.3301402|0.20763209|0.28391317|0.26287353|0.18440282|0.13404009|0.16662031|0.27723154|0.19135669|0.21287268|0.25756925|0.23720989|0.26045603|0.58275157|0.37815571|0.25444287|0.45145774|0.68804228|0.52885437|0.21088997|0.58815932|0.24922189|0.24397334|0.31911016|0.20720184|0.49562562|0.47601014|0.26215562|0.25380677|0.3741352|0.20708856|0.19002342|0.64907253|0.22105885|0.4282206|0.31761587
Suecia|0.51680619|0.66985339|0.46618199|0.24459544|0.34526458|0.52530706|0.38621432|0.35907385|0.46169475|0.76550084|0.28443009|0.3297171|0.67664611|0.75187248|0.3936379|0.38584894|0.50994009|0.46914622|0.4384599|0.57312387|0.52478844|0.41545594|0.53190964|0.41220915|0.21357489|0.52596766|0.58562285|0.50935119|0.31382227|0.40476954|0.65853775|0.38306323|0.4575327|0.51858127|0.35465947|0.6188457|0.2025007|0.48296946|0.49644107|0.3614189|0.38475564|0.38070953|0.65257215
Suiza|0.75570047|0.5801388|0.38633657|0.55628395|0.64142823|0.35189342|0.36111677|0.21972683|0.49664626|0.79589081|0.42182845|0.20955259|0.61416155|0.57009763|0.62854064|0.69496357|0.42466453|0.40843007|0.25540012|0.35679218|0.31767562|0.73907435|0.39656359|0.23944306|0.51333594|0.45970151|0.57694596|0.58248401|0.60262257|0.16205093|0.71372801|0.52449858|0.54852903|0.4684653|0.76900101|0.44137263|0.43473852|0.39359891|0.25240591|0.49519569|0.50157928|0.44550666|0.52754509
Surinam|0.44815984|0.37354177|0.79933131|0.61295116|0.64573169|0.81314492|0.83444583|0.5794546|0.80259144|0.46454617|0.62523258|0.55465901|0.69753367|0.34100834|0.69137132|0.59598821|0.7595855|0.59627765|0.59017664|0.65183729|0.87633407|0.56969041|0.68014693|0.68266201|0.5311662|0.35934782|0.66808921|0.85214549|0.50194484|0.77893549|0.4795264|0.77649629|0.77252507|0.7533921|0.70437568|0.51278996|0.72809732|0.72058356|0.61345494|0.76492196|0.73507476|0.68188125|0.66893518
Tailandia|0.048253149|0.54902995|0.28733552|0.62538785|0.2263777|0.34206238|0.47361791|0.082447886|0.056465141|0.068722755|0.29904538|0.069036216|0.09770602|0.4313764|0.047042482|0.19883874|0.18696657|0.5185625|0.072201207|0.20144483|0.16796789|0.15645975|0.48743618|0.12037078|0.048083931|0.35291094|0.20783988|0.45871595|0.13645896|0.081342593|0.13077725|0.4829542|0.29034778|0.042577997|0.045791391|0.51834738|0.30249462|0.41764808|0.093269862|0.61394048|0.22709912|0.19896534|0.2922363
Taiwán|0.052497976|0.59473473|0.14487499|0.57599235|0.17203161|0.37011868|0.065741614|0.070666499|0.15564424|0.071506679|0.0449563|0.082399309|0.60055983|0.76271057|0.059469517|0.18836538|0.03946263|0.50296968|0.077047527|0.63233519|0.13484845|0.037376143|0.20003963|0.09415295|0.032975122|0.66050434|0.30432242|0.31680727|0.041896738|0.088976219|0.45154825|0.26926067|0.12262651|0.10912399|0.13211834|0.42726302|0.25406009|0.36810595|0.16904163|0.077281594|0.28704369|0.19202781|0.11864988
Tanzania|0.19509354|0.10785557|0.5986948|0.21116981|0.19746393|0.15893829|0.15525763|0.18941641|0.10515839|0.1917941|0.21245238|0.14566608|0.40672433|0.11131504|0.22262558|0.36947125|0.16525516|0.16479079|0.18293884|0.15299593|0.33043924|0.20646447|0.17693168|0.24961776|0.17592147|0.12764394|0.16460684|0.3531391|0.19134286|0.17961371|0.18931124|0.13522355|0.63007951|0.17325693|0.19228813|0.19211432|0.20819303|0.17336968|0.17191121|0.16418207|0.15750337|0.22597268|0.20481649
Tayikistán|0.12168072|0.094740584|0.099340141|0.11630459|0.12730342|0.10229112|0.1301226|0.12821577|0.26128608|0.12367846|0.12409711|0.16595182|0.20075777|0.18924668|0.14351249|0.24567527|0.11074491|0.10197623|0.15843949|0.094537653|0.21600613|0.12337293|0.11316031|0.16264942|0.10023369|0.37254852|0.11152098|0.10150823|0.1180823|0.14155577|0.11814611|0.09505114|0.098107651|0.093971916|0.11166395|0.12438634|0.12036048|0.095345303|0.3182683|0.086407684|0.11268428|0.13875361|0.12166036
Togo|0.4428564|0.42179829|0.49068522|0.4262504|0.35533866|0.38629359|0.43352383|0.50377017|0.35741687|0.40236166|0.44789481|0.44679058|0.28216138|0.27596873|0.48389697|0.51946664|0.4050062|0.86988169|0.43224239|0.35334677|0.75931144|0.45009449|0.40594402|0.58388776|0.42333835|0.29968721|0.35371137|0.53593057|0.4402279|0.50601959|0.45510995|0.42196393|0.36350119|0.37816417|0.47724986|0.47819597|0.48381594|0.46598434|0.36958626|0.38173988|0.40962732|0.58286947|0.44464478
Tokelau|0.028742019|0.025032025|0.023752436|0.041458659|0.02854339|0.012445932|0.011663962|0.024192898|0.025565095|0.025498673|0.025393985|0.024975862|0.023422742|0.02120138|0.036471725|0.038590059|0.010803231|0.028735053|0.025441514|0.023598356|0.060195431|0.017632902|0.029295001|0.038225774|0.01296183|0.016029701|0.025198782|0.015632696|0.02780417|0.027577475|0.015788142|0.016106641|0.0078615826|0.013162359|0.027496617|0.030133618|0.028802339|0.015554361|0.029170454|0.0071268193|0.019809024|0.038440559|0.029205592
Tonga|0.39413792|0.36752322|0.54048812|0.39347416|0.32241949|0.33524007|0.33585343|0.44853038|0.32493967|0.35509905|0.40500033|0.46414709|0.26404321|0.1977547|0.42553681|0.42735398|0.39849108|0.32630628|0.46900904|0.29719397|0.67103046|0.39502838|0.39083815|0.51670301|0.36006168|0.2523151|0.34703985|0.32767561|0.38224897|0.46315855|0.37142402|0.35781077|0.29313269|0.3268939|0.409724|0.43472451|0.39506018|0.20130339|0.52278316|0.28748685|0.35481787|0.49912339|0.37608147
Trinidad y Tobago|0.76701963|0.54024744|0.71792853|0.58428288|0.71212196|0.72968864|0.87155902|0.46490371|0.82701457|0.36255121|0.71476066|0.49076682|0.85492134|0.52023697|0.60959059|0.88440096|0.72891986|0.54679954|0.53421104|0.71819699|0.65555155|0.74385226|0.78404152|0.71232945|0.64247298|0.61516511|0.69543523|0.71742487|0.58165431|0.83587182|0.75235665|0.72732073|0.71263337|0.68687701|0.70098221|0.4613294|0.75870621|0.75402719|0.6017853|0.69857627|0.64876002|0.70336378|0.77421063
Turkmenistán|0.0|0.0|0.0|0.0|0.0|0.0034063652|0.0033483705|0.0|0.0|0.0|0.0|0.0|0.0|0.0|0.0|0.013175321|0.0|0.0|0.0|0.0|0.0|0.28050822|0.0|0.0|0.0|0.039017044|0.0|0.28813949|0.0|0.0|0.0|0.0041473662|0.16673221|0.0|0.0|0.0|0.0|0.0|0.0|0.048276417|0.0|0.0|0.0
Turquía|0.53185546|0.49490553|0.3204295|0.37529987|0.55271381|0.48453289|0.4129675|0.2087374|0.55303693|0.7528283|0.15070063|0.73638189|0.34106618|0.67257094|0.16776563|0.29916677|0.54186362|0.68205822|0.17238966|0.5587157|0.36690789|0.56194806|0.59271801|0.47682065|0.54506588|0.51044714|0.55701154|0.56752509|0.52488083|0.17272455|0.34268928|0.31713691|0.45440164|0.4610275|0.43878525|0.18265311|0.63943166|0.38949859|0.14977212|0.52974093|0.34197778|0.46075931|0.36131954
Tuvalu|0.30862319|0.31450897|0.26048234|0.36428589|0.2984232|0.290288|0.32255787|0.40639818|0.17366242|0.33268833|0.35103488|0.40801919|0.14005874|0.14875983|0.36182496|0.37966266|0.24623562|0.27934411|0.39229736|0.24901584|0.61706543|0.32633418|0.36893392|0.47959048|0.30850348|0.2280933|0.32252347|0.27963555|0.37888905|0.44080782|0.34616816|0.34645227|0.27623945|0.29929823|0.37881422|0.40696704|0.35576999|0.30652905|0.41553086|0.3036055|0.23598012|0.45639819|0.33198148
Túnez|0.6755448|0.30657521|0.22002281|0.7540853|0.48036718|0.44397473|0.21952751|0.43410188|0.3960638|0.62019408|0.33585775|0.29669574|0.21692574|0.53157419|0.26718497|0.50237519|0.28669897|0.62595838|0.33351138|0.50106514|0.68525583|0.35127759|0.2574532|0.52702695|0.35079628|0.23599559|0.21835263|0.47852552|0.36684251|0.38844761|0.32958871|0.26650938|0.56841946|0.28452998|0.68770897|0.38211137|0.3772434|0.52488911|0.30203629|0.60426855|0.48352239|0.65308261|0.34126064
Ucrania|0.36466649|0.55276871|0.29113203|0.56729913|0.39260909|0.41725767|0.39572737|0.42058149|0.42558604|0.80512679|0.35704577|0.41910774|0.42806914|0.59382105|0.37795973|0.3386001|0.34887677|0.26649493|0.45632178|0.57007957|0.60530388|0.35428905|0.55084014|0.46909335|0.45775759|0.6502791|0.64997798|0.36587173|0.58814931|0.45998091|0.53454375|0.31095853|0.3515467|0.26766405|0.31300414|0.32963631|0.36777592|0.38287252|0.39779109|0.60718936|0.4208675|0.45134911|0.42634809
Uganda|0.17033985|0.087425783|0.12288135|0.17542863|0.16493466|0.11270525|0.37159818|0.14937279|0.11646279|0.1494396|0.17218226|0.12943904|0.15749675|0.11913352|0.19356152|0.39158118|0.15362547|0.12957929|0.16198751|0.11634356|0.26139197|0.17845033|0.16302064|0.19695795|0.46823394|0.10221933|0.14414845|0.45064309|0.1618728|0.16922761|0.16570802|0.13245632|0.48967049|0.14023528|0.54905963|0.16714019|0.17189208|0.14514783|0.15945891|0.26615676|0.36154115|0.16770624|0.79939711
Uruguay|0.81774175|0.44006783|0.56200814|0.8135649|0.73366141|0.80126727|0.74169797|0.60562396|0.39323473|0.48922884|0.47393036|0.5148775|0.65797049|0.6696403|0.89621198|0.7450608|0.79460084|0.51500863|0.59746861|0.75635409|0.86018658|0.82735717|0.84456241|0.79441261|0.78253126|0.63852811|0.56013441|0.75868058|0.8217054|0.54442209|0.82498407|0.80639547|0.73199308|0.74597847|0.63229036|0.91921401|0.86588109|0.70320249|0.66045272|0.75686908|0.69716251|0.79726958|0.86156309
Uzbekistán|0.099925771|0.081290364|0.078369081|0.10294294|0.10079692|0.083421856|0.10689582|0.093442962|0.16376343|0.090479262|0.10575992|0.10364641|0.10068108|0.15938061|0.11725202|0.31280541|0.089193724|0.084146529|0.11319429|0.077243015|0.14267553|0.11236083|0.098992147|0.10017295|0.092332646|0.40205979|0.087289646|0.076750711|0.10573633|0.11185315|0.092653602|0.076337501|0.073703006|0.080660708|0.077242807|0.1016186|0.10083045|0.055159912|0.2219575|0.059236921|0.071624652|0.089725979|0.098021865
Vanuatu|0.15230562|0.17771971|0.15701202|0.25206071|0.21424977|0.21316764|0.18921554|0.25955582|0.25158906|0.22418785|0.20594996|0.22029233|0.12745097|0.093064785|0.27123466|0.32594836|0.18415278|0.22065842|0.20206285|0.1812737|0.4228881|0.28776267|0.22534481|0.32143033|0.21041179|0.11848712|0.17100146|0.2036292|0.22322342|0.27354342|0.23289445|0.15570062|0.18122411|0.19099125|0.25285679|0.22098789|0.27521309|0.18565485|0.18728426|0.20661992|0.26406384|0.29521486|0.19580109
Venezuela|0.96786982|0.81312418|0.96547627|0.86697555|0.83096027|0.8744173|0.95603848|0.8946901|0.79111397|0.56228411|0.90066504|0.63511848|0.93499053|0.47175807|0.84721237|0.84778219|0.92102075|0.78698361|0.7842285|0.76653481|0.99546349|0.87652993|0.91868335|0.94409066|0.90047872|0.44777635|0.83477181|0.82470894|0.71186471|1.0|0.84969628|0.86816269|0.94773883|0.87441701|0.91399264|0.74756753|0.9800933|0.91730332|0.91934156|0.96187502|0.89122093|0.91274005|0.8712486
Vietnam|0.072884746|0.38083199|0.4832353|0.58707237|0.050025702|0.072603606|0.081506521|0.66566336|0.05946935|0.096367314|0.058741577|0.7427572|0.068581752|0.52431154|0.017518265|0.10881341|0.057509854|0.45753187|0.74993253|0.45755255|0.23668054|0.070299|0.12641138|0.17713499|0.33227876|0.39792103|0.17670909|0.28435716|0.050247826|0.15130007|0.047567774|0.29351008|0.17275396|0.58348656|0.34485731|0.79631758|0.67892504|0.37715238|0.68938279|0.43920636|0.31829211|0.31080985|0.064924166
Yemen|0.32072717|0.21967092|0.53551102|0.30959186|0.31199187|0.44043809|0.2958743|0.34640861|0.27821568|0.27055144|0.3217448|0.32381085|0.4321945|0.10133955|0.37521842|0.31885856|0.30481046|0.274813|0.31002668|0.21937524|0.55501509|0.54520023|0.31526464|0.43673527|0.69798887|0.20209384|0.2215143|0.27306733|0.34735194|0.3976222|0.32665858|0.30273694|0.24145925|0.27442855|0.350557|0.32688835|0.36136514|0.41048333|0.17806572|0.52444118|0.32471782|0.40800649|0.31070107
Yibuti|0.31496501|0.2615312|0.34004349|0.30083874|0.23252437|0.24122867|0.43719745|0.36185524|0.22962923|0.29895487|0.24888551|0.3120172|0.1168993|0.11417152|0.38494959|0.15285096|0.52766842|0.2362048|0.34656295|0.23796149|0.58708942|0.1667783|0.1865685|0.45522612|0.25827086|0.18310067|0.29445618|0.42071748|0.22956535|0.39144343|0.30109894|0.25868642|0.76368415|0.25782007|0.31702721|0.34245798|0.29576492|0.12669913|0.28882626|0.42014313|0.29376966|0.43199638|0.27407581
Zambia|0.25494248|0.19769819|0.53010058|0.50971699|0.24380009|0.19637951|0.19601624|0.30738121|0.21070239|0.2388334|0.22067435|0.1794138|0.47741669|0.16965887|0.25656563|0.4208937|0.23527408|0.24529643|0.22585447|0.19187732|0.5051111|0.31966227|0.2215555|0.39290255|0.28859645|0.16650903|0.22505659|0.24509904|0.25197169|0.2633855|0.25003448|0.20995146|0.64960337|0.19782522|0.24390525|0.26051199|0.33358571|0.31087995|0.20176589|0.25006661|0.23169121|0.36409473|0.51513553
Zimbabue|0.18795502|0.15498091|0.13416134|0.1953207|0.1372321|0.12904432|0.14915228|0.18222041|0.24237025|0.18824288|0.18545714|0.14937392|0.17104453|0.12218107|0.2124016|0.40759721|0.17410451|0.16008613|0.19879417|0.14925267|0.32392931|0.55503649|0.18003109|0.24444772|0.14513414|0.11518157|0.15515387|0.14771813|0.19965994|0.20976686|0.17801398|0.1469699|0.4866032|0.15011796|0.18917069|0.19548994|0.20541993|0.11668756|0.1748704|0.13381833|0.17030509|0.2207852|0.17754531
