Pais|Aceites y grasas|Acuícola y pesquero|Agroindustrial|Agroquímicos|Artesanías|Artículos de hogar oficina hoteles e industrial|Autopartes|Avícola|Azúcar|Banano|Bebidas|Bovino|Cacao y sus derivados|Café|Calzado|Comunicación gráfica y editorial|Cosméticos y productos de aseo|Cuero y manufacturas de cuero|Cárnico|Derivados del café|Dotación Hospitalaria|Dotación hospitalaria|Envases/Empaques|Envases/empaques|Farmacéutico|Flores y plantas vivas|Frutas y hortalizas frescas y procesadas|Instrumentos y aparatos|Joyería y bisutería|Lácteos y sus derivados|Material Promocional|Materiales de construcción|Metalmecánica|Muebles y maderas|Otros agrícola|Otros pecuario|Papel y cartón|Plástico y caucho|Porcino|Químico|Textiles y Confecciones|Textiles y confecciones|Vehículos y otros medios de transporte
Afganistán|0.60402775|0.069969445|0.69719267|0.26558784|0.36385626|0.18126479|0.3966541|0.37445807|0.35268116|0.5974313|0.1134228|0.13927387|0.24705958|0.17458703|0.2542797|0.26954624|0.415456|0.11403622|0.12303971|0.18272991|0.0|0.28040653|0.44420445|0.0|0.35390151|0.14916258|0.51115072|0.14838174|0.48843414|0.33190879|0.10622978|0.16492197|0.13376513|0.14694364|0.40254217|0.31465626|0.17825258|0.23432916|0.19159675|0.20994359|0.30524993|0.0|0.11246125
Albania|0.17362189|0.43542352|0.23371288|0.20819192|0.27362111|0.34973463|0.25524366|0.23418954|0.23123193|0.40565482|0.31355214|0.28584057|0.39251027|0.58611584|0.41088235|0.1918577|0.43171799|0.47087029|0.19260517|0.4607951|0.55845046|0.18000413|0.26204157|0.55845046|0.27068901|0.39567971|0.28598726|0.17676738|0.29592443|0.22705695|0.32202375|0.31463069|0.17276976|0.30325562|0.21105598|0.2812022|0.28495562|0.26439691|0.43324795|0.17519501|0.41150317|0.55845046|0.2225313
Alemania|0.9251079|0.90531075|0.83858824|0.78033346|0.95510888|0.88179994|0.92100513|1.0|0.66720355|0.99007517|0.92410183|0.92561924|0.78597116|0.98866582|0.97547698|0.90487432|0.83526605|0.9389019|0.82102454|0.79830134|0.94725901|0.85612965|0.8603878|0.94725901|0.89715648|0.96161681|1.0|0.87425619|0.95697093|0.93759787|0.90645278|0.87468815|0.87071979|0.95022017|0.96504033|0.90169978|0.90362263|0.87100488|0.75266278|0.96125102|0.97714901|0.94725901|0.88093853
Andorra|0.34173864|0.59165633|0.58627534|0.26258099|0.55673891|0.5446012|0.43812513|0.54977643|0.36751953|0.47424355|0.74207377|0.66342807|0.5910452|0.53134102|0.71926415|0.67547315|0.68617129|0.6344884|0.69765425|0.59481621|0.47442299|0.42336822|0.34125185|0.47442299|0.41447231|0.59028786|0.53345376|0.44899148|0.70862854|0.56828016|0.7475692|0.58041561|0.35884559|0.54290748|0.31017685|0.60185772|0.46716881|0.32373255|0.64382327|0.31584311|0.6019277|0.47442299|0.66221166
Angola|0.42390439|0.16055597|0.27304101|0.35126162|0.2900635|0.43852448|0.36297435|0.53040838|0.42227995|0.20495963|0.2299929|0.41131103|0.2087|0.15640911|0.28540432|0.34976453|0.34890538|0.22745311|0.42612332|0.18611068|0.14030291|0.33971697|0.26529446|0.14030291|0.31634602|0.25688973|0.18685961|0.34936649|0.2479057|0.36680678|0.23464234|0.32664603|0.44178373|0.22508432|0.39257538|0.32744282|0.39923751|0.36228567|0.48732695|0.28999692|0.28004241|0.14030291|0.34183961
Anguila|0.10087334|0.19554445|0.094074398|0.15114762|0.22221519|0.18497545|0.079388879|0.22785124|0.10203472|0.19315466|0.31660339|0.26641691|0.082194909|0.11142847|0.085149243|0.21556099|0.17166114|0.24668786|0.18316744|0.099891759|0.42458269|0.11702336|0.096206024|0.42458269|0.1272846|0.36462921|0.093594201|0.13217691|0.16046329|0.1425759|0.27698153|0.26402116|0.16174376|0.32297128|0.090229265|0.2465817|0.11239724|0.079861|0.2909371|0.11985779|0.10337022|0.42458269|0.14760591
Antigua y Barbuda|0.39316815|0.62024844|0.54540968|0.38487309|0.51781571|0.49267834|0.4418425|0.68484676|0.40329236|0.68670189|0.74679434|0.60444736|0.47486305|0.48413986|0.35435909|0.72294164|0.51128978|0.43383849|0.6457752|0.53355229|0.40770125|0.40545365|0.46757615|0.40770125|0.30715042|0.662763|0.60053116|0.30890107|0.51915026|0.62554109|0.44270799|0.62980098|0.3284592|0.63092852|0.27161431|0.53656|0.27931935|0.2899822|0.60691345|0.30798697|0.35193372|0.40770125|0.44344503
Arabia Saudita|0.8223443|0.71095514|0.96151972|0.53929663|0.81998003|0.84251082|0.77850997|0.9599157|0.53852218|0.87708294|0.56115139|0.86344522|0.89475882|0.78596747|0.74862081|0.81787556|0.92859483|0.74985218|0.76071483|0.86594307|0.80655968|0.83800268|0.66657412|0.80655968|0.84022635|0.80377191|0.89586228|0.76422387|0.89386857|0.98451889|0.73958325|0.84190321|0.85742533|0.83724153|0.9217875|0.95500231|0.83128577|0.63511634|0.27143842|0.68840092|0.78199583|0.80655968|0.9548763
Argelia|0.50020576|0.18807063|0.2974191|0.26867852|0.35572881|0.30430949|0.4085103|0.1414994|0.58644211|0.53710562|0.13837031|0.36209655|0.41530454|0.54373449|0.36795151|0.20568606|0.28527704|0.27713585|0.0571374|0.26137784|0.31176156|0.41327739|0.42891869|0.31176156|0.40464026|0.36058939|0.35178512|0.35782948|0.41635263|0.68199414|0.3139686|0.36480385|0.48004562|0.3549414|0.65120852|0.26294938|0.60415614|0.57049918|0.14954463|0.47979406|0.36651379|0.31176156|0.28590953
Argentina|0.29498315|0.30400246|0.25559598|0.79658425|0.49448824|0.41902485|0.70604575|0.23061255|0.18649103|0.7008754|0.20408468|0.23747192|0.61054748|0.57671958|0.55391651|0.49199194|0.52411699|0.38915718|0.22740477|0.52249461|0.60556102|0.64046824|0.53895092|0.60556102|0.6396085|0.39967939|0.27231777|0.61282527|0.41287935|0.20553043|0.48918962|0.52398157|0.65727013|0.38581491|0.40900928|0.45431882|0.65853065|0.69615275|0.46418259|0.74207914|0.48976311|0.60556102|0.42336234
Armenia|0.53285378|0.40761536|0.51019812|0.47606406|0.60000789|0.59925997|0.48819071|0.659495|0.62280917|0.60638249|0.4877134|0.50874746|0.72417784|0.66918445|0.55779934|0.34642911|0.66326237|0.53948808|0.52590394|0.54011059|0.53960586|0.610636|0.61890244|0.53960586|0.51231527|0.65592933|0.55406237|0.5285629|0.52282184|0.62111688|0.51105583|0.57294071|0.53920925|0.56195521|0.51426268|0.44297785|0.53986716|0.47607177|0.62062949|0.45838678|0.55698514|0.53960586|0.5256561
Aruba|0.35840732|0.62979436|0.6466344|0.28875244|0.65726638|0.55156666|0.33860111|0.68091446|0.47063348|0.65592134|0.70006508|0.84463322|0.47846341|0.47923875|0.53254932|0.56212837|0.53163356|0.57800531|0.71814233|0.58724236|0.33816385|0.48199749|0.52500868|0.33816385|0.35665312|0.56298697|0.66435647|0.36144292|0.64404184|0.69138861|0.61817384|0.56525707|0.26620311|0.63828409|0.33901757|0.57239455|0.37295735|0.30443877|0.71668923|0.38153452|0.46564955|0.33816385|0.37161669
Australia|0.65375376|0.81657016|0.94697517|0.95027155|0.87421387|0.94458878|0.89272583|0.48280871|0.61333036|0.54847485|0.77996504|0.49482894|0.84682018|0.91406471|0.86087787|0.88795483|0.94133961|0.90553403|0.72846419|0.88966584|0.89701915|0.94401407|0.82823473|0.89701915|0.91625267|0.82214135|0.69746149|0.8818835|0.91298652|0.72213328|0.91527367|0.91365004|0.89428854|0.86029357|0.60121739|0.56298119|0.70821816|0.79248118|0.81936991|0.71235037|0.89811409|0.89701915|0.99725878
Austria|0.8530637|0.82233179|0.89061701|0.75256634|0.926956|0.9089911|0.85954797|0.95009267|0.84868526|0.96849823|0.80800569|0.81593049|0.80580497|0.79378879|0.9654206|0.90975821|0.88738412|0.83947849|0.79186195|0.93588114|0.90005732|0.85147655|0.88792288|0.90005732|0.82965183|0.94848591|0.91880834|0.85774291|0.84903061|0.80878747|0.86257952|0.90827799|0.88862669|0.90334129|0.89765692|0.81868494|0.86524004|0.87808573|0.848508|0.90656614|0.92409676|0.90005732|0.79215646
Azerbaiyán|0.59352899|0.44596428|0.60280305|0.50437325|0.6382246|0.61664534|0.54859763|0.60790259|0.73335922|0.58635426|0.42359644|0.54292679|0.65198052|0.4763242|0.52902186|0.37358776|0.6783551|0.42102891|0.593889|0.5303722|0.38056213|0.5042733|0.60908967|0.38056213|0.57315528|0.64622617|0.47384471|0.52469873|0.53473467|0.67495048|0.45694295|0.6364581|0.57716221|0.62068391|0.61902213|0.59361529|0.47167659|0.48080295|0.36729854|0.47487926|0.50424069|0.38056213|0.60841334
Bahamas|0.40970761|0.55544406|0.59096587|0.33471581|0.57843423|0.56509686|0.36735344|0.74993587|0.48215464|0.6791721|0.73262084|0.7361213|0.43081641|0.50096345|0.50890344|0.57001078|0.54521036|0.57484412|0.7349|0.48167869|0.5335238|0.39765751|0.57421219|0.5335238|0.4173016|0.6942746|0.63597143|0.40017107|0.69581586|0.61421824|0.5246377|0.70041174|0.35537821|0.6511538|0.34840155|0.7137087|0.35906002|0.42503291|0.69265777|0.43982261|0.43031883|0.5335238|0.49216288
Bahréin|0.75116271|0.67227113|0.79935879|0.38150051|0.79259837|0.73674548|0.72017443|0.93450278|0.9006741|0.90571266|0.76334065|0.86764276|0.8324039|0.72617602|0.68401963|0.82381725|0.88008606|0.72856259|0.82473218|0.82709146|0.80945134|0.68218982|0.79741061|0.80945134|0.68850404|0.83917594|0.90287203|0.68293667|0.81714654|0.97947431|0.68599355|0.77786744|0.68993592|0.74288321|0.77801269|0.90922952|0.68112171|0.682863|0.58785617|0.84603226|0.68160546|0.80945134|0.7836144
Bangladesh|0.67116469|0.26421684|0.44647735|0.62822104|0.21511015|0.40871119|0.40455529|0.35935321|0.66996324|0.23175347|0.21711609|0.36562496|0.38682646|0.3495321|0.34032816|0.27496788|0.44143581|0.44076335|0.21536526|0.32239652|0.49528551|0.4459261|0.24227761|0.49528551|0.44966093|0.33507103|0.5793643|0.45800757|0.44567013|0.58809412|0.33672833|0.39388436|0.53549016|0.2511681|0.67516536|0.39617917|0.57152534|0.61059499|0.16995588|0.58792984|0.62349415|0.49528551|0.29998139
Barbados|0.35509655|0.5699572|0.51437318|0.31151083|0.44299105|0.49667266|0.34180027|0.43835676|0.55219507|0.56470096|0.58822095|0.59401476|0.46746418|0.45240939|0.33204275|0.58748555|0.46213979|0.32743454|0.54042208|0.47867012|0.20893781|0.3587338|0.59326124|0.20893781|0.33266035|0.39034981|0.56291229|0.37047428|0.32052541|0.56458741|0.43619597|0.50678355|0.2909582|0.50227594|0.43502718|0.62468231|0.43326879|0.30975625|0.58469522|0.34380123|0.27536708|0.20893781|0.28057072
Belice|0.52508998|0.18021737|0.63158756|0.59128714|0.3591333|0.541224|0.4476001|0.22140694|0.17089438|0.12407915|0.50193751|0.19694686|0.35987556|0.42937472|0.65211189|0.61210507|0.53801787|0.59350419|0.58730304|0.6306721|0.36582404|0.35005751|0.642901|0.36582404|0.34423858|0.34899884|0.28090549|0.33539975|0.42054787|0.55450475|0.47151673|0.46980262|0.40024209|0.48654675|0.33291465|0.22959068|0.39285266|0.2870509|0.20084918|0.35228845|0.48516327|0.36582404|0.33580452
Benín|0.41578615|0.51311368|0.32899362|0.54735756|0.33450472|0.27824211|0.24339633|0.63560951|0.44217288|0.37160105|0.35231295|0.19289315|0.25740016|0.29289895|0.29855907|0.4668228|0.2798616|0.30601209|0.38393965|0.36961034|0.56773353|0.27714705|0.44834694|0.56773353|0.42334595|0.28516006|0.24196334|0.28216696|0.25154454|0.3265239|0.25944516|0.43609357|0.32444412|0.25937307|0.57614768|0.43079704|0.30198658|0.24874675|0.28742266|0.25387862|0.31232461|0.56773353|0.33126402
Bermudas|0.13308595|0.30126446|0.22031119|0.10932983|0.32792538|0.35971254|0.11921944|0.30152959|0.17405781|0.29416177|0.37347758|0.35897869|0.29815122|0.22007866|0.18963656|0.27832627|0.24840738|0.2629469|0.44462144|0.3293016|0.42458269|0.20016602|0.1650425|0.42458269|0.17921799|0.30215093|0.36438769|0.13665825|0.28737006|0.26485422|0.32952219|0.25066754|0.10916198|0.32895821|0.12153661|0.38099277|0.14174688|0.12313566|0.33785909|0.12743612|0.22454086|0.42458269|0.13554391
Bielorrusia|0.32445991|0.5604406|0.54239434|0.38803917|0.59203815|0.53660429|0.59384769|0.41361162|0.20072962|0.57029325|0.62024939|0.39780831|0.63042295|0.53851789|0.58962888|0.28973937|0.62716073|0.54912341|0.29529265|0.72459465|0.6323868|0.58692455|0.51095492|0.6323868|0.53477049|0.80046046|0.66153967|0.50966322|0.44886637|0.16015379|0.55201113|0.54360002|0.59954584|0.40890181|0.51847106|0.36083281|0.57810992|0.65721917|0.53045011|0.51635468|0.59833997|0.6323868|0.61220706
Bolivia|0.21836334|0.28683573|0.45148897|0.72452396|0.46941063|0.60234308|0.6010859|0.31248605|0.13814065|0.27558216|0.30355287|0.18400529|0.57443291|0.23091069|0.4895764|0.68338597|0.61937207|0.32143787|0.24762058|0.55307662|0.50884676|0.59023356|0.53574294|0.50884676|0.52548087|0.32739985|0.2975449|0.44054103|0.35073954|0.30945447|0.47692639|0.44753486|0.59168541|0.37861416|0.2380643|0.33405444|0.57523751|0.58141392|0.32845503|0.53043169|0.43712181|0.50884676|0.54261863
Bosnia|0.63496011|0.5953294|0.75887126|0.64248741|0.67454958|0.72897267|0.62289631|0.58342409|0.71000606|0.90131915|0.75699854|0.87066436|0.86232245|0.75418401|0.73515296|0.52145147|0.81442511|0.75418508|0.67361891|0.68887317|0.65199482|0.62869751|0.72996265|0.65199482|0.64684796|0.7241993|0.67435801|0.58878571|0.62629199|0.73945355|0.64319015|0.77493566|0.75785744|0.71657264|0.68239594|0.61446726|0.74005914|0.73942423|0.80925906|0.53608972|0.76156187|0.65199482|0.63043648
Botsuana|0.41247594|0.39360183|0.4976486|0.45005888|0.42823559|0.50212455|0.48404741|0.40189105|0.79728729|0.60112762|0.62982541|0.29933891|0.40057755|0.34649447|0.50330627|0.55251706|0.52693075|0.50607842|0.38977867|0.44958845|0.55556178|0.45497763|0.5080446|0.55556178|0.50178432|0.48825997|0.4321717|0.46879745|0.38966638|0.47375286|0.37448335|0.46034908|0.47718826|0.49647442|0.53178304|0.41235852|0.35146153|0.39850199|0.38175505|0.36485404|0.38086909|0.55556178|0.50339878
Brasil|0.57483292|0.60141015|0.4377718|1.0|0.52382427|0.59217083|0.81880355|0.20802397|0.23941672|0.41738504|0.3488729|0.44869465|0.49907881|0.26998097|0.39988595|0.58110821|0.59104449|0.57090974|0.31945348|0.4848091|0.67631173|0.75704169|0.59812522|0.67631173|0.74136817|0.49105549|0.55693185|0.6972037|0.60390872|0.54226023|0.59315443|0.50162345|0.72011805|0.32603854|0.49748087|0.5148657|0.46201146|0.83010316|0.36237258|0.92478895|0.61892635|0.67631173|0.59588468
Brunéi|0.37749451|0.62332726|0.58033395|0.24115433|0.45296812|0.48233277|0.46839207|0.28657967|0.30598271|0.61787105|0.46483618|0.58762991|0.50662422|0.41501153|0.47840002|0.64667952|0.542081|0.47463888|0.49991456|0.55697107|0.33058131|0.46631038|0.39417562|0.33058131|0.49888927|0.49546415|0.67876196|0.46169233|0.55256796|0.57588136|0.54166394|0.5175792|0.56216139|0.3748042|0.46477765|0.51810324|0.30520535|0.33045614|0.40900245|0.49380258|0.41570869|0.33058131|0.56828213
Bulgaria|0.55392498|0.54526663|0.59527004|0.67992651|0.60893053|0.60562408|0.59803128|0.61799181|0.69469327|0.64776647|0.66279346|0.59038413|0.71234798|0.67961609|0.6283384|0.49550298|0.63057977|0.53211373|0.63595462|0.63428175|0.78438365|0.51095116|0.55754673|0.78438365|0.59665966|0.57738811|0.62835026|0.61938179|0.61287427|0.70817256|0.58259952|0.60648501|0.62638813|0.56915736|0.5675801|0.63394463|0.64163876|0.64980525|0.75544167|0.59724164|0.61087996|0.78438365|0.61732197
Burkina Faso|0.15300715|0.25306734|0.31523737|0.36968869|0.15895271|0.24399953|0.38844216|0.096692428|0.32103968|0.39155382|0.28857607|0.079347581|0.096859597|0.42593473|0.17565724|0.28634882|0.21163288|0.23070209|0.14259176|0.51966941|0.30383724|0.30255479|0.47653461|0.30383724|0.43249321|0.11685975|0.1084711|0.25403097|0.10852441|0.33727607|0.12894601|0.28352839|0.37931168|0.16404034|0.26249379|0.064689346|0.25285849|0.21799009|0.17363888|0.33477908|0.17021669|0.30383724|0.26299599
Burundi|0.10945717|0.10034766|0.12865563|0.34182733|0.085681811|0.12980926|0.13287814|0.083991915|0.34259564|0.17987525|0.1816846|0.10237156|0.064981841|0.087847665|0.19582546|0.31671795|0.16371298|0.077981383|0.23075938|0.035187803|0.14700738|0.20727308|0.30296761|0.14700738|0.17189544|0.045269594|0.054446429|0.085111752|0.071718365|0.083241925|0.073424928|0.094219506|0.21289244|0.082810253|0.17780215|0.071692571|0.17324468|0.1198207|0.067705132|0.11352404|0.18192336|0.14700738|0.11531027
Bután|0.45273009|0.37597084|0.42683524|0.21178801|0.41048491|0.36646384|0.28493705|0.39226949|0.39037794|0.471064|0.40143678|0.46266121|0.3255156|0.29568836|0.35767865|0.33830535|0.38040975|0.34086886|0.28365386|0.35748291|0.58982098|0.36709026|0.3812432|0.58982098|0.28977948|0.36767876|0.37933081|0.48672396|0.33161831|0.51658088|0.38542211|0.37337756|0.4673734|0.56554258|0.38093764|0.27271694|0.2881946|0.29429424|0.54936403|0.28505278|0.40807995|0.58982098|0.37458199
Bélgica|0.94057089|0.89668918|0.86080515|0.83744287|0.91732436|0.88522899|0.94932425|0.88669074|0.93341255|0.9255327|0.78699988|0.80368328|0.9621191|0.9555732|0.94561648|0.87350631|0.82807779|0.74079782|0.88921535|0.90429401|0.91597545|0.91257298|0.97563118|0.91597545|0.97372878|0.73573518|0.85616446|0.81910372|0.90456253|0.97238553|0.89650786|0.85299742|0.84271431|0.92404568|0.96185207|0.84557664|0.92959797|0.90914643|0.81245112|1.0|0.84458035|0.91597545|0.90356255
Cabo Verde|0.36774313|0.3401922|0.36137289|0.18369818|0.38705358|0.37285256|0.18179825|0.58878314|0.50975013|0.39515987|0.46017388|0.49149817|0.28889668|0.55092919|0.16625553|0.29271683|0.32523435|0.18708789|0.59780049|0.28471571|0.32560199|0.26598901|0.35336283|0.32560199|0.16663435|0.31359959|0.52791989|0.19736192|0.17939872|0.5908671|0.3027004|0.38380447|0.19512011|0.42382208|0.38884801|0.34926796|0.18652102|0.19897345|0.56876761|0.21952268|0.19512336|0.32560199|0.24368758
Camboya|0.14194909|0.23473492|0.52336961|0.50754082|0.45593917|0.22397584|0.42551035|0.27729881|0.25737411|0.1138844|0.41377613|0.37479025|0.28028905|0.43474114|0.43934762|0.2553921|0.2667498|0.49024373|0.29141304|0.39705867|0.32227224|0.24607147|0.54177958|0.32227224|0.29319292|0.23820734|0.20748398|0.26172757|0.19896424|0.2994433|0.29382348|0.35781491|0.34479836|0.36761814|0.12751143|0.33078489|0.55700934|0.51944137|0.37620011|0.36847067|0.56157339|0.32227224|0.3485781
Camerún|0.24479544|0.39039788|0.28836036|0.40048772|0.41689351|0.32149342|0.30259708|0.1974757|0.40853763|0.052078333|0.42040953|0.14434721|0.16498385|0.053416587|0.39238721|0.31032681|0.15609407|0.34483892|0.21842287|0.24546833|0.24382474|0.21557052|0.45252603|0.24382474|0.31332564|0.23502293|0.12786922|0.27121913|0.19594553|0.32032302|0.26229304|0.38661665|0.32166445|0.18122661|0.37775698|0.091843866|0.36855268|0.34235531|0.29857579|0.28167224|0.31609064|0.24382474|0.29273719
Canadá|0.69909239|0.80588853|0.78591084|0.87070906|0.86935419|0.92157292|0.8473779|0.81247663|0.92906845|0.94240546|0.91397035|0.75007576|0.81571096|0.91741467|0.84479296|0.9014045|0.84016412|0.91737509|0.83093011|0.90917736|0.87289226|0.89343166|0.91063941|0.87289226|0.87897569|0.78888071|0.94019639|0.84740055|0.81070793|0.67140687|0.91039127|0.88689005|0.93973446|0.76763475|0.74067855|0.91499466|0.70001054|0.86048603|0.68441105|0.86401856|0.90387797|0.87289226|0.98374295
Chad|0.059642836|0.043843776|0.19317977|0.090034179|0.05726577|0.068263657|0.14290905|0.12067256|0.087020636|0.098004803|0.10666592|0.05844675|0.17085087|0.024852348|0.27245396|0.17087203|0.17542854|0.067504242|0.079652384|0.061604321|0.12166633|0.070042402|0.12216164|0.12166633|0.23823164|0.034447998|0.050734334|0.21281531|0.3725577|0.15634571|0.046470661|0.056527626|0.14992619|0.04395036|0.041654781|0.034264565|0.037515696|0.083409578|0.087001935|0.18826342|0.14376764|0.12166633|0.093729168
Chile|0.7239514|0.46149287|0.7398659|0.7146889|0.67728734|0.70289874|0.70884532|0.61185879|0.80092543|0.67125666|0.59140849|0.82282305|0.71517229|0.57961905|0.75794399|0.77960008|0.78365594|0.67062914|0.56763256|0.7140094|0.69181001|0.73038191|0.69703257|0.69181001|0.68434024|0.55575109|0.45049661|0.67889494|0.67887354|0.6401661|0.7246325|0.66487944|0.61398757|0.5054726|0.71015334|0.48027086|0.64465672|0.69160354|0.62893099|0.64773738|0.71793127|0.69181001|0.82019818
China|0.86741447|0.78589773|0.78292|0.42509755|0.50349808|0.62681007|0.58513343|0.87239057|0.87246907|0.88037682|0.6855222|1.0|0.76760441|0.78302979|0.61309755|0.42862612|0.99073368|0.74674231|0.379897|0.75349724|0.95145547|0.78000677|0.38670444|0.95145547|0.81793511|0.56860769|0.6839518|0.88935232|0.74914318|0.95341241|0.58892572|0.48016143|0.73392367|0.59556854|1.0|0.96895677|0.86221987|0.95952791|0.96337366|0.80644721|0.49295104|0.95145547|0.50823098
Chipre|0.66269767|0.77449489|0.93535328|0.60232127|0.81617832|0.82668227|0.67450011|0.83491707|0.83605969|0.73522699|0.8777402|0.76949239|0.78961712|0.65451455|0.79587448|0.83358061|0.89093286|0.66606402|0.83474922|0.87621439|0.7604931|0.77218652|0.74107099|0.7604931|0.66964382|0.80879354|0.77054107|0.63207006|0.79568243|0.82929152|0.78389955|0.81553125|0.60599995|0.81300312|0.7976371|0.68835521|0.68735325|0.62300873|0.82789612|0.6517185|0.72882706|0.7604931|0.84885859
Comoras|0.21196604|0.20123851|0.19691178|0.05693971|0.31087339|0.15098248|0.068547048|0.55969054|0.28456879|0.15070778|0.37785399|0.43788555|0.17781931|0.20457782|0.15510643|0.12345368|0.15987021|0.084417425|0.16897304|0.136191|0.13509473|0.060844168|0.10785376|0.13509473|0.062495273|0.14196014|0.15638046|0.04768125|0.12229319|0.31290156|0.095102273|0.15931956|0.081061661|0.2951358|0.21463475|0.20358895|0.058876969|0.047280062|0.11794627|0.042057432|0.11717925|0.13509473|0.14403448
Congo|0.36312896|0.51732022|0.30494621|0.19570974|0.17767812|0.15684801|0.21437535|0.72641885|0.12884611|0.12821843|0.254796|0.56829631|0.20030302|0.17969576|0.19303222|0.31355482|0.44632819|0.20359121|0.40535247|0.25793326|0.31947368|0.45836288|0.32728374|0.31947368|0.19619641|0.17751104|0.22906604|0.19134496|0.20553347|0.34004837|0.17826129|0.22113733|0.28719553|0.12013584|0.33597058|0.52370203|0.22432569|0.21502987|0.67438042|0.38540983|0.15101758|0.31947368|0.4129914
Corea del Sur|0.61164176|0.69429535|0.61918849|0.4065809|0.62865847|0.48840633|0.53637195|0.52736253|0.68969709|0.50258005|0.59441948|0.73289019|0.54322922|0.72081733|0.64544058|0.36327839|0.40697649|0.7635529|0.53315091|0.64500618|0.46743387|0.66962719|0.41180289|0.46743387|0.57798421|0.6427443|0.48946688|0.64364433|0.67372704|0.58368206|0.64760464|0.53089976|0.63277173|0.6112265|0.63570768|0.65274298|0.51073992|0.49856865|0.72092021|0.6947732|0.63529634|0.46743387|0.48884761
Costa Rica|0.32739687|0.48564601|0.56730169|0.70002031|0.57496601|0.71586621|0.51877177|0.45833325|0.28754434|0.45043021|0.53546232|0.52948177|0.606511|0.5583176|0.63121235|0.69357079|0.74618554|0.51229358|0.58439469|0.44363588|0.64605469|0.66550469|0.79453611|0.64605469|0.65179002|0.50190216|0.50710523|0.61656332|0.62335294|0.4132207|0.61450917|0.67768753|0.59533739|0.58917081|0.66661853|0.55293149|0.75456107|0.70866865|0.60097432|0.61456478|0.55376923|0.64605469|0.5153845
Costa de Marfil|0.18170644|0.57597446|0.28560159|0.49779361|0.2003769|0.23261279|0.33569831|0.34964189|0.454831|0.035120394|0.43303385|0.49859655|0.10721008|0.3055487|0.19871348|0.43764445|0.23676433|0.24166025|0.2651456|0.22241096|0.21878698|0.27161396|0.40043509|0.21878698|0.39051437|0.25987348|0.30579555|0.36467904|0.34123921|0.4328005|0.29801744|0.41906056|0.432311|0.19559005|0.49085578|0.37760115|0.48260251|0.41861776|0.57991481|0.40741658|0.213431|0.21878698|0.4953962
Croacia|0.60051823|0.63580996|0.74555445|0.65040493|0.71966398|0.74829173|0.65367818|0.69730699|0.62911046|0.81850421|0.71715319|0.81154251|0.72970599|0.5926581|0.77346897|0.53659469|0.7755512|0.67337334|0.70716906|0.7036041|0.36956596|0.61453557|0.65617996|0.36956596|0.67647594|0.70965987|0.72062039|0.6091876|0.63689846|0.79106379|0.70687544|0.75012892|0.70704079|0.69760156|0.56127316|0.67379957|0.73041463|0.66199207|0.91185224|0.60873234|0.74913311|0.36956596|0.69717801
Cuba|0.24813512|0.19107187|0.20179603|0.28185183|0.22513661|0.33348167|0.34592038|0.54669094|0.12133431|0.20859551|0.3566961|0.25011429|0.25152808|0.40784496|0.27886936|0.33302081|0.38579482|0.1778582|0.36432669|0.19505782|0.51794517|0.22389299|0.37830049|0.51794517|0.18221214|0.18733905|0.28890699|0.26798356|0.28349909|0.49480784|0.19071871|0.30153197|0.28426939|0.16112559|0.28620672|0.16375035|0.31232947|0.27776974|0.4155426|0.29337811|0.20446053|0.51794517|0.16251071
Curazao|0.19521126|0.32494622|0.33516791|0.14393869|0.34558162|0.30113906|0.17888734|0.39903909|0.27249798|0.53038257|0.49458358|0.48822859|0.30203718|0.35258651|0.26927558|0.26540869|0.39073527|0.26013675|0.42292559|0.37457955|0.42458269|0.34339285|0.22146864|0.42458269|0.21317109|0.38654613|0.39814061|0.205786|0.45646471|0.39042276|0.31889504|0.27588183|0.12608425|0.36084259|0.16334027|0.32109118|0.18960024|0.16538951|0.47359473|0.13493212|0.25020981|0.42458269|0.2354947
Dinamarca|0.83330882|0.90981936|0.91608346|0.85079479|0.94905347|0.93331987|0.78146565|0.90340734|0.8281641|0.81555188|0.95923924|0.87435758|0.93987536|0.84902161|0.92276967|0.94672751|0.84496021|0.78175294|0.86088443|0.94226551|0.95882303|0.82970595|0.9478091|0.95882303|0.83265042|0.88340473|0.87336534|0.8511517|0.8862344|0.86506557|0.91813475|0.958992|0.82795709|0.9707132|0.75562173|0.87361276|0.85018301|0.86653239|0.79703391|0.7262575|0.93020135|0.95882303|0.86313939
Dominica|0.27081776|0.25942165|0.31208014|0.25338867|0.2078695|0.36942291|0.21130039|0.4445582|0.22071718|0.013704516|0.45046628|0.21351852|0.31634086|0.18340252|0.23421475|0.54512942|0.35846734|0.18399119|0.48500955|0.31075811|0.097803846|0.23737316|0.28740227|0.097803846|0.1416122|0.18353719|0.33371651|0.22449657|0.19154033|0.42068401|0.28040296|0.38939855|0.18783069|0.37063128|0.11209202|0.22324225|0.13232017|0.13508976|0.45789582|0.19274798|0.15735626|0.097803846|0.15343368
Ecuador|0.506567|0.33223802|0.73609042|0.7340706|0.48432106|0.58355427|0.61302876|0.29739574|0.37440401|0.030956028|0.47454071|0.3140533|0.44542688|0.32134682|0.57285303|0.60107774|0.66008037|0.45115095|0.34123212|0.43097436|0.35178521|0.60424763|0.47366422|0.35178521|0.63282871|0.4247734|0.38675806|0.54225981|0.474731|0.19151464|0.54653931|0.48352036|0.58712822|0.30034173|0.55737776|0.49395066|0.65277874|0.6751827|0.41279411|0.6388526|0.52438116|0.35178521|0.62205493
Egipto|0.74128258|0.58024073|0.50347096|0.42983255|0.43613872|0.45085865|0.60560626|0.5149945|0.49352425|0.51418948|0.33092284|0.83485019|0.58033502|0.76845831|0.42413002|0.50910592|0.43741992|0.38178432|0.25566959|0.60960674|0.74050945|0.6344496|0.47080845|0.74050945|0.72016811|0.59987867|0.5441823|0.550955|0.57619441|0.73667711|0.4327721|0.444305|0.66483235|0.64628851|0.87300086|0.75212592|0.79233253|0.77990448|0.33221465|0.72307456|0.53865266|0.74050945|0.57863808
El Salvador|0.73079777|0.48851204|0.77220047|0.69668418|0.53842902|0.71199787|0.63216043|0.63237405|0.25214094|0.7945047|0.68114144|0.80783057|0.613446|0.37984684|0.63832223|0.75169832|0.85654086|0.60740387|0.741135|0.75653797|0.66563565|0.59794605|0.71236527|0.66563565|0.72695911|0.61933982|0.71677732|0.62552297|0.52737892|0.81315112|0.6032719|0.64953578|0.61872178|0.59830463|0.72846937|0.45724958|0.85726786|0.7440083|0.64970577|0.64355046|0.73551738|0.66563565|0.59923279
Emiratos Árabes Unidos|0.69155061|0.75724357|0.7020179|0.57144046|0.84014559|0.80813968|0.81400692|0.95347351|0.74743611|0.80917788|0.80472326|0.88938159|0.74676394|0.76181245|0.86870557|0.70193517|0.86303771|0.89291942|0.65305007|0.83116287|0.71337622|0.72157663|0.67422354|0.71337622|0.76050419|0.81821537|0.88631934|0.88626647|0.81438696|0.93307555|0.77651393|0.70508492|0.80784184|0.79570842|0.84657884|0.94160724|0.80994046|0.70203191|0.67018956|0.77970487|0.82058775|0.71337622|0.85981119
Eritrea|0.33034474|0.077241004|0.40445435|0.29914227|0.63482678|0.30736798|0.36009172|0.14668395|0.35613203|0.0|0.16420433|0.22013447|0.053618204|0.10845071|0.11434089|0.16600572|0.14786489|0.070831895|0.091707699|0.068793945|0.0|0.29303336|0.18395126|0.0|0.24511604|0.22850376|0.2665453|0.19411501|0.30235165|0.16315022|0.063131422|0.18651977|0.34968013|0.35787374|0.31683803|0.25728056|0.15109375|0.18049517|0.11451218|0.27809203|0.16617337|0.0|0.25604123
Eslovaquia|0.78917539|0.71406901|0.85112107|0.74893856|0.80678093|0.78593981|0.98073894|0.92707038|0.65039957|0.84606934|0.82471478|0.7650485|0.88683677|0.74580026|0.82979417|0.76596403|0.86024189|0.71225893|0.88370669|0.89427817|0.74834436|0.75234729|0.78974479|0.74834436|0.78046012|0.89910626|0.81369209|0.84441286|0.77515745|0.89660466|0.762761|0.89726233|0.79284209|0.8896606|0.69935274|0.67970031|0.73640347|0.87513232|0.99011838|0.73472607|0.79380834|0.74834436|0.73041213
Eslovenia|0.7784282|0.76527619|0.86928356|0.80286223|0.78780138|0.79404032|0.7631011|0.79012835|0.91665947|0.95408618|0.79166424|0.78275061|0.88395357|0.81779385|0.85342884|0.8004545|0.80259126|0.78724653|0.8028549|0.74793136|0.82776982|0.7999723|0.84040821|0.82776982|0.89127064|0.90439439|0.81684029|0.73827398|0.72709548|0.84577626|0.80522287|0.83730459|0.86362785|0.82612908|0.75966036|0.74186361|0.84740043|0.89801902|0.8934629|0.9584235|0.79678333|0.82776982|0.81740034
España|0.85759616|0.94579536|0.92045116|0.77725053|0.82483786|0.85678554|0.89812523|0.80643284|0.95146763|0.89846259|0.72809625|0.71758747|0.91677636|0.87928939|0.90302527|0.79575634|0.76718724|0.89570862|0.75698251|0.76911294|0.76346993|0.89929652|0.80059516|0.76346993|0.90467775|0.74215806|0.7570399|0.78592145|0.83639407|0.92979968|0.85350788|0.73206609|0.82518625|0.82044154|0.93893343|0.795663|0.89534891|0.88911808|0.74859846|0.94443583|0.93702245|0.76346993|0.72761512
Estados Unidos|0.90222549|1.0|0.98521852|0.72962201|1.0|1.0|1.0|0.57729685|0.97459656|1.0|1.0|0.83087254|0.95709205|1.0|0.99302351|0.85474133|0.77102566|1.0|0.75140476|0.96720946|0.90284801|1.0|0.9563458|0.90284801|1.0|0.95352542|0.98131514|0.97014081|1.0|0.6867978|1.0|1.0|1.0|1.0|0.62925458|0.97358811|0.77564514|0.80910891|0.69727111|0.98176003|1.0|0.90284801|0.91389477
Estonia|0.81139266|0.79604876|0.87224042|0.85727841|0.78092819|0.85393405|0.79481053|0.90753853|0.81707191|0.86657077|0.91898799|0.71437782|0.95026737|0.7399016|0.7998718|0.68893456|0.93259561|0.77889979|0.86503512|0.93940485|0.86296183|0.74139392|0.85254824|0.86296183|0.8022868|0.87958717|0.88002855|0.75725693|0.68339312|0.8322823|0.78082567|0.86810613|0.86723888|0.91075331|0.66334987|0.77003926|0.76481211|0.81236649|0.85699701|0.74513507|0.79963303|0.86296183|0.88584894
Etiopía|0.56695616|0.12128785|0.18427734|0.61809355|0.18352038|0.21775237|0.24012837|0.11429664|0.58100361|0.21221057|0.1599586|0.063872263|0.18118371|0.039347619|0.30999941|0.37768188|0.32162952|0.13890408|0.13944721|0.089301556|0.22705483|0.3948687|0.22444582|0.22705483|0.37821841|0.25355098|0.2192996|0.32884473|0.23418108|0.19862089|0.16236|0.26750737|0.31889701|0.20897382|0.43884254|0.13515139|0.32275018|0.42203885|0.084153146|0.2703121|0.29810965|0.22705483|0.32474676
Filipinas|0.68774903|0.58576202|0.82779419|0.74082971|0.6672684|0.6712023|0.54059118|0.78026402|0.69793344|0.29053712|0.72063017|0.73983043|0.7209602|0.62973124|0.54031283|0.5275023|0.7070353|0.62427509|0.70416588|0.80628526|0.77952325|0.63159263|0.64677572|0.77952325|0.70046687|0.44071579|0.5406161|0.70880204|0.64681727|0.88344985|0.55853981|0.68857014|0.67466056|0.68261516|0.76463151|0.58648467|0.72621363|0.73532391|0.84548163|0.70691121|0.56470281|0.77952325|0.69352543
Finlandia|0.86347467|0.86045623|0.9323734|0.74421728|0.87725073|0.87480259|0.92403066|0.73346126|0.7834745|0.87408912|0.89483106|0.74305338|0.86508983|0.91093981|0.82688022|0.86987877|0.90912533|0.84339857|0.8577894|0.87219137|0.88530642|0.81888187|0.857517|0.88530642|0.85784614|0.92221373|0.86166048|0.8652882|0.76446629|0.80575669|0.85649359|0.91669202|0.88395417|0.77075827|0.74823177|0.79160756|0.6475994|0.7863543|0.62467134|0.82854176|0.83122838|0.88530642|0.840505
Fiyi|0.59014475|0.50060999|0.45936888|0.48452622|0.50648373|0.56136143|0.45994973|0.34306234|0.5556758|0.25499022|0.51172596|0.52536702|0.51710606|0.23878124|0.485246|0.44934794|0.58112442|0.46606821|0.27303493|0.56682336|0.37254208|0.55211461|0.56750649|0.37254208|0.32933909|0.27923155|0.61797822|0.43540174|0.54278731|0.64332604|0.51692331|0.41586727|0.39305285|0.4270688|0.58555758|0.70918524|0.5328775|0.50421655|0.41988546|0.37236619|0.48213753|0.37254208|0.53620595
Francia|0.88180518|0.92854851|0.92479753|0.88716024|0.9092896|0.92502987|0.86602235|0.97378421|0.70161533|0.9341926|0.76858437|0.82668668|0.9880603|0.883816|0.93544698|0.93487716|0.74090481|0.86193258|0.93452662|0.97411066|0.82427597|0.93204606|0.98390973|0.82427597|0.83714843|0.92536569|0.94854015|0.83729267|0.75399053|0.87791353|0.87960351|0.94283324|0.91575539|0.90717232|0.7704134|1.0|0.93535465|0.91249692|0.67768228|0.94835472|0.94004929|0.82427597|0.76024795
Gabón|0.11569262|0.41819173|0.22596964|0.2379978|0.32077751|0.27417874|0.31236917|0.62140018|0.22738853|0.10178132|0.32383364|0.4735162|0.24033861|0.066417396|0.25979632|0.17938545|0.27298304|0.28636897|0.47419873|0.32519788|0.27464518|0.14034031|0.35689294|0.27464518|0.16175562|0.26998514|0.21033141|0.24966362|0.16539599|0.36255783|0.25539821|0.31841147|0.39030701|0.14243662|0.22695695|0.35747832|0.15822746|0.1847406|0.56127793|0.22778031|0.15406123|0.27464518|0.36137834
Gambia|0.48610157|0.22073156|0.43031517|0.24918322|0.31728673|0.33741492|0.1911298|0.62862563|0.64719665|0.33295962|0.41657102|0.34167668|0.30936605|0.29920334|0.2628895|0.36764172|0.32899666|0.19052736|0.5102976|0.401815|0.30830169|0.13512005|0.29036579|0.30830169|0.17631561|0.13220054|0.31938565|0.17246714|0.14189237|0.47753674|0.13688135|0.33838218|0.24289306|0.35212293|0.41181642|0.18418431|0.15498899|0.16123818|0.24229504|0.16927078|0.4220525|0.30830169|0.31753194
Georgia|0.629076|0.62608874|0.75053823|0.5544886|0.7532984|0.73998344|0.5821923|0.78333426|0.81186259|0.7101171|0.54750168|0.55654603|0.79744828|0.67593062|0.69839466|0.56722784|0.79263318|0.59636235|0.72449386|0.74248135|0.60127926|0.62345767|0.78332114|0.60127926|0.66139221|0.81177986|0.57102191|0.58283472|0.56326747|0.78740627|0.71008658|0.78544343|0.64522624|0.72038794|0.52587175|0.48428908|0.60868925|0.56714314|0.79349601|0.54015195|0.63964355|0.60127926|0.45456731
Ghana|0.49453437|0.53842604|0.49189517|0.58143008|0.47302204|0.55497867|0.52333611|0.75329435|0.52584255|0.19623075|0.61348605|0.55377877|0.25434041|0.33294412|0.59658742|0.51593459|0.57167363|0.58083427|0.53645551|0.38893709|0.39237142|0.36423379|0.56444043|0.39237142|0.42684567|0.34614527|0.33666265|0.43022889|0.38688838|0.53613734|0.40338242|0.5495156|0.57341695|0.46104923|0.42179221|0.60612822|0.44796562|0.52650279|0.50236452|0.46803337|0.51157367|0.39237142|0.52899861
Gibraltar|0.11897279|0.14278752|0.16503933|0.079003721|0.11897773|0.094708025|0.099268138|0.15754968|0.14129134|0.21638665|0.19773003|0.24334818|0.13636582|0.14164966|0.10781708|0.13810746|0.13592494|0.11681336|0.26981336|0.13279095|0.42458269|0.097965635|0.087238617|0.42458269|0.076393783|0.21014541|0.1428522|0.094644882|0.31480384|0.13088891|0.17074701|0.16885298|0.086568907|0.11654617|0.083723947|0.26008368|0.091725305|0.092839219|0.24601686|0.15135011|0.093380466|0.42458269|0.39848608
Granada|0.34468582|0.49220043|0.52828753|0.31864423|0.40744877|0.47919953|0.35252076|0.64232743|0.5694986|0.34883234|0.63539332|0.44253826|0.37047452|0.41858953|0.38119227|0.63629615|0.47225261|0.40230095|0.64193386|0.45800716|0.27162826|0.33457154|0.53238487|0.27162826|0.27398378|0.4041262|0.47987774|0.29794538|0.35600334|0.6300385|0.36919981|0.55235875|0.26306364|0.54985338|0.29269823|0.38381016|0.37950739|0.24280506|0.48276621|0.30297887|0.33090064|0.27162826|0.27314252
Grecia|0.75710404|0.76882899|0.88182998|0.84265971|0.83646464|0.86530507|0.73527515|0.92072892|0.9416008|0.76719648|0.82907939|0.9818967|0.84109712|0.82622099|0.88140059|0.67956161|0.86718094|0.86539102|0.79887199|0.8996141|0.75229174|0.82668942|0.91843772|0.75229174|0.86656773|0.78537571|0.72903049|0.75161636|0.82042825|1.0|0.82481933|0.70832181|0.7748152|0.80501181|0.81790149|0.85417187|0.92011213|0.81854159|0.97419977|0.86878669|0.87242502|0.75229174|0.76327157
Groenlandia|0.082029209|0.21325186|0.17728931|0.14085332|0.23362246|0.13604791|0.15143445|0.16659604|0.11326776|0.40251207|0.21105811|0.3175301|0.27661085|0.14442304|0.22000852|0.14572105|0.13118085|0.17474458|0.35268736|0.3326402|0.42458269|0.10232016|0.2104595|0.42458269|0.071728714|0.20341638|0.25386533|0.12527139|0.21963465|0.24579312|0.28477585|0.25714481|0.20251495|0.21215501|0.10141495|0.19545093|0.10928335|0.11477891|0.30889601|0.12261413|0.19964349|0.42458269|0.28873676
Guatemala|0.51041782|0.47012079|0.7112819|0.67160392|0.53157431|0.64843249|0.55217254|0.64753461|0.15411057|0.38351688|0.51775652|0.58442718|0.5520339|0.24156225|0.59273237|0.61634082|0.58671874|0.5277527|0.51754504|0.51366222|0.47046608|0.53148717|0.629897|0.47046608|0.56300002|0.4782998|0.46485913|0.53784615|0.55617934|0.64921057|0.56190395|0.47599041|0.54473525|0.473158|0.58924562|0.47227883|0.79518986|0.66689587|0.57309067|0.62487811|0.57252806|0.47046608|0.56396198
Guinea|0.27901408|0.31543881|0.42306286|0.3246851|0.41327205|0.39915562|0.41875002|0.57304668|0.4966644|0.35524052|0.28004748|0.40811968|0.2720331|0.1503135|0.4674108|0.29872805|0.35507789|0.41049528|0.32808018|0.3019318|0.41071498|0.14861375|0.42334342|0.41071498|0.23185557|0.19414756|0.27653736|0.31190413|0.22923107|0.23857817|0.24175632|0.44063455|0.39699376|0.28670555|0.37421113|0.36736804|0.20402503|0.31408018|0.38517767|0.22229238|0.39542305|0.41071498|0.43031186
Guinea-Bisáu|0.26255432|0.3096801|0.43491504|0.13781068|0.26850596|0.28117692|0.14768648|0.45462823|0.29862687|0.31720787|0.60941124|0.32680669|0.3283509|0.16729203|0.27535856|0.1585328|0.31855917|0.16851553|0.33601764|0.40854812|0.48025405|0.17486235|0.27929705|0.48025405|0.20435397|0.10928825|0.24596304|0.15455949|0.11871618|0.37303266|0.15602435|0.2869885|0.19819671|0.22858721|0.32918936|0.20745194|0.18248761|0.35184407|0.28269368|0.16140173|0.13563025|0.48025405|0.19671653
Guyana|0.25124621|0.23173177|0.33208156|0.43635944|0.28458089|0.35683364|0.370166|0.29463619|0.43605191|0.14489213|0.45488816|0.24618271|0.37349397|0.39622399|0.32317704|0.41409963|0.36605883|0.30168417|0.49597418|0.37732983|0.38845611|0.28649104|0.45680201|0.38845611|0.19276202|0.15940276|0.32709408|0.27498341|0.21286465|0.45943469|0.36170897|0.35433596|0.40749943|0.23979709|0.25388065|0.23791942|0.23934512|0.27052644|0.34595379|0.33929014|0.22901845|0.38845611|0.86937666
Haití|0.35157889|0.17073116|0.30061367|0.076255217|0.24124956|0.22672522|0.16372545|0.44772455|0.46770829|0.18493956|0.25804335|0.071469598|0.058829445|0.071836554|0.30524951|0.16140017|0.30885893|0.15083566|0.21249123|0.02611036|0.12959777|0.07813257|0.33636564|0.12959777|0.10758572|0.070126817|0.1347827|0.076634817|0.20222244|0.21656811|0.11857088|0.08555422|0.098398298|0.12434296|0.30582017|0.094869874|0.1927864|0.20213386|0.44497502|0.11683258|0.2873345|0.12959777|0.076058127
Honduras|0.46183681|0.29552805|0.76183313|0.62536943|0.57082045|0.70645893|0.55569756|0.51811171|0.2466283|0.6231913|0.70804411|0.42581281|0.53963542|0.37073123|0.57991326|0.72747266|0.69691646|0.53555739|0.65691817|0.36562431|0.6956073|0.50074387|0.75462854|0.6956073|0.6545701|0.44522136|0.50068009|0.5331499|0.49805421|0.55797601|0.57240117|0.59220016|0.56544614|0.51889837|0.64428532|0.4908185|0.70483172|0.5890826|0.737288|0.57734907|0.71401817|0.6956073|0.47678638
Hungría|0.67458963|0.63261503|0.72531009|0.79948825|0.77198803|0.76836389|0.83670664|0.7770921|0.83133119|0.8514365|0.66612256|0.65414435|0.77409971|0.6451689|0.76172066|0.64965785|0.73807204|0.69347179|0.76766491|0.76309925|0.83166116|0.58207637|0.78692842|0.83166116|0.65850163|0.75272012|0.66843069|0.73169625|0.71550107|0.77618659|0.71725059|0.79841161|0.849621|0.72946697|0.73707813|0.65815151|0.80214667|0.844015|0.87010556|0.80184376|0.73270875|0.83166116|0.59219533
India|0.88691455|0.27316242|0.37895858|0.86218637|0.37773114|0.51724911|0.60865486|0.21690464|0.21494749|0.22015616|0.5582912|0.12716781|0.56083429|0.56115472|0.45072275|0.2214734|0.4653579|0.4620389|0.20801817|0.23034734|0.63541955|0.69901562|0.3974919|0.63541955|0.44154555|0.43776608|0.64360464|0.71307713|0.53024936|0.27705938|0.4175536|0.49156988|0.7121197|0.5101788|0.40560296|0.40469453|0.80589312|0.84806603|0.32069612|0.85715759|0.47875115|0.63541955|0.55210316
Indonesia|0.30604669|0.45216176|0.71508199|0.63136005|0.42461646|0.46484601|0.69035244|0.34649241|0.85579026|0.26355577|0.39186189|0.71127105|0.64885795|0.45815337|0.4711898|0.51297241|0.48021138|0.64144653|0.42984658|0.391765|0.74333465|0.60780925|0.60470843|0.74333465|0.54064989|0.48328227|0.59584761|0.66400969|0.54980302|0.73057622|0.43992954|0.62167799|0.77838641|0.44579744|0.7144196|0.36368763|0.66948599|0.78326774|0.43812573|0.77540827|0.57555544|0.74333465|0.40887517
Iraq|0.52230692|0.18455811|0.62452352|0.33124423|0.5812242|0.59530145|0.43506819|0.50894713|0.5666703|0.63663626|0.33655107|0.52114362|0.47186893|0.40045965|0.4747535|0.23747513|0.5343883|0.38496676|0.37213212|0.47229189|0.23958001|0.42995852|0.36409885|0.23958001|0.36614788|0.4099949|0.56816041|0.4971523|0.63040853|0.46409208|0.48329329|0.55643296|0.44540635|0.49922007|0.4599188|0.42471933|0.36537331|0.39381129|0.22070464|0.31869125|0.45894974|0.23958001|0.4504703
Irlanda|0.84823084|0.65386546|0.87503779|0.89431465|0.88438052|0.8775751|0.7524026|0.85964525|0.89000344|0.85499507|0.84518081|0.67559004|0.82865453|0.77634192|0.87478685|0.95598936|0.87709236|0.82407594|0.78225505|0.82003152|0.9327662|0.84439266|0.92849499|0.9327662|0.76756728|0.84210014|0.8097285|0.80165333|0.86942798|0.83947593|0.86619484|0.84946907|0.82055295|0.83321702|0.85442859|0.8427273|0.79855269|0.82133675|0.76771438|0.89915514|0.87921065|0.9327662|0.94764173
Irán|0.62093443|0.092549153|0.46240222|0.32796124|0.082169026|0.19131014|0.47163683|0.41952193|0.11789112|0.74873447|0.081443317|0.39285219|0.34548274|0.56697881|0.07345888|0.10136907|0.10800414|0.060981575|0.06874986|0.26963747|0.4581852|0.51793665|0.16835809|0.4581852|0.4543319|0.31667146|0.15940976|0.49403238|0.13465227|0.098582946|0.23016974|0.17214419|0.4046551|0.3454361|0.73280388|0.3526805|0.61292905|0.44444364|0.099370718|0.52446741|0.340215|0.4581852|0.29616162
Islandia|0.65698814|0.7025907|0.80753541|0.59915733|0.8324706|0.77782798|0.69990498|0.56984639|0.67522693|0.73926914|0.83671463|0.64153987|0.82538456|0.76488268|0.76829189|0.88513899|0.78865093|0.70135754|0.69261408|0.82435393|0.8502022|0.67802536|0.87241626|0.8502022|0.67318678|0.77405226|0.78816307|0.77066332|0.72183323|0.54614687|0.82800949|0.89271212|0.64854604|0.84103012|0.63219088|0.76283896|0.58691823|0.59391958|0.6386621|0.76884085|0.75229454|0.8502022|0.8937186
Islas Turcas y Caicos|0.12761378|0.22461547|0.11693474|0.10382564|0.28136206|0.142662|0.10471503|0.26778978|0.124069|0.4573946|0.35974175|0.35067689|0.14461437|0.27304223|0.094818182|0.20871422|0.17933579|0.22047955|0.24481446|0.16873817|0.42458269|0.090145662|0.13767621|0.42458269|0.11058331|0.37257755|0.26957113|0.091835305|0.33812234|0.21193662|0.20996046|0.36098015|0.12076243|0.38962105|0.18654318|0.26960802|0.12762664|0.10388258|0.32477871|0.10757077|0.098971389|0.42458269|0.20036921
Israel|0.7838397|0.82823294|0.91205662|0.60607219|0.86174822|0.9296478|0.77218038|0.6049186|0.94866037|0.62909347|0.86068982|0.99103731|0.92311513|0.85701954|0.87156558|0.75528657|0.91681045|0.79927742|0.30402881|0.88299042|0.93613875|0.83344078|0.83255112|0.93613875|0.80611682|0.67228961|0.73677504|0.7938844|0.79847342|0.72620308|0.80066371|0.9244532|0.85452873|0.88107711|0.87899864|0.88256329|0.85405195|0.85713327|0.47074103|0.78628457|0.84032714|0.93613875|0.95060885
Italia|0.92910266|0.93514305|0.73183656|0.82642841|0.8491236|0.75263238|0.81118631|0.81741154|0.97025335|0.82975745|0.71190834|0.97363436|0.75413048|0.93631476|0.86584526|0.6055271|0.7231971|0.77350205|0.68768048|0.66249961|0.77496129|0.86457527|0.77885598|0.77496129|0.84414482|0.76920354|0.77573538|0.80951178|0.71206242|0.88783026|0.79156947|0.7634052|0.83555877|0.77415574|0.9292593|0.93494791|0.97165954|0.96289134|0.97044623|0.96596211|0.85860616|0.77496129|0.77038622
Jamaica|0.3802273|0.54116338|0.53930217|0.30761987|0.37275082|0.45614374|0.38434538|0.46362519|0.54161525|0.1048675|0.53850126|0.53556561|0.42409578|0.38381371|0.35069084|0.59216952|0.41994718|0.33532971|0.43274367|0.21594384|0.29887491|0.24911511|0.70307708|0.29887491|0.36101949|0.46372992|0.42173272|0.2949478|0.40998241|0.48884621|0.34474483|0.45423809|0.29849631|0.52529144|0.45584664|0.50938821|0.42930907|0.32723761|0.42731187|0.29673421|0.26170573|0.29887491|0.3674742
Japón|0.72691745|0.81952947|0.85640931|0.65783662|0.75952607|0.78991461|0.61956429|0.84350896|0.75841111|0.77181756|0.82090878|0.90648323|0.79266727|0.89497519|0.69227242|0.65444821|0.63335419|0.81146336|0.9101212|0.77205658|0.88175428|0.88275939|0.70803803|0.88175428|0.88562977|0.7563163|0.78266907|0.74803048|0.86571091|0.71772331|0.8356868|0.75397485|0.65362275|0.84861779|0.89079595|0.92097795|0.52559835|0.65352321|0.87661624|0.73802173|0.77419412|0.88175428|0.48039335
Jordania|0.50380987|0.411273|0.54958117|0.2857281|0.38165313|0.40361038|0.31533578|0.52117205|0.66445649|0.55330884|0.39860857|0.68241274|0.5566287|0.68624038|0.37153399|0.37059668|0.50195527|0.32468641|0.28816643|0.62530577|0.2127957|0.48930493|0.34680781|0.2127957|0.39585179|0.47297782|0.49769926|0.38613835|0.56684935|0.59917867|0.34814543|0.39741117|0.33456475|0.45287848|0.64069521|0.7834444|0.61730349|0.49088424|0.15354449|0.49099037|0.44765371|0.2127957|0.43656057
Kazajistán|0.48187542|0.55167395|0.57661712|0.61265206|0.6963473|0.72223741|0.73124212|0.730618|0.70576656|0.67638886|0.67307609|0.54866129|0.66872644|0.57350957|0.68045133|0.53113747|0.70082283|0.61292613|0.68215579|0.6058743|0.70432997|0.70618868|0.69135207|0.70432997|0.61916745|0.76010227|0.70497912|0.64835787|0.65808725|0.70388508|0.66863859|0.7667256|0.68396258|0.62638366|0.48368579|0.54594433|0.56688666|0.63130075|0.49864328|0.549752|0.6439749|0.70432997|0.70728588
Kenia|0.60717654|0.089096054|0.15425609|0.47911099|0.26003677|0.28970277|0.35716903|0.16095775|0.52066016|0.080327868|0.3269307|0.14778025|0.26359254|0.44770399|0.29549325|0.40200251|0.26380891|0.12788875|0.096745998|0.19791138|0.19613241|0.33122376|0.25297964|0.19613241|0.47463915|0.32347128|0.13816953|0.3172785|0.26102138|0.31591779|0.22600712|0.28975058|0.4154675|0.31962436|0.46986538|0.12175624|0.54366106|0.50749838|0.25416616|0.42406058|0.43337691|0.19613241|0.32803988
Kirguistán|0.43108308|0.23898059|0.48091555|0.49384919|0.49818137|0.47274658|0.47751647|0.63938409|0.55902934|0.6423825|0.52733612|0.35354531|0.60292643|0.46183038|0.72663879|0.50631416|0.55002916|0.44578958|0.40158671|0.43493915|0.48914897|0.43306637|0.43752348|0.48914897|0.48732701|0.6029526|0.55076444|0.39030814|0.3591713|0.29181933|0.41060695|0.62464666|0.49109185|0.46398968|0.32340565|0.3745721|0.35627782|0.42842811|0.3595469|0.39092296|0.66761446|0.48914897|0.46410432
Kuwait|0.3132275|0.3727541|0.3673141|0.29329205|0.3961587|0.37581459|0.32908732|0.35659203|0.40013641|0.44593251|0.28319818|0.40441033|0.41249043|0.34142947|0.37566504|0.32474256|0.33606684|0.39891323|0.28071672|0.41186422|0.75638938|0.36994547|0.29786414|0.75638938|0.32577616|0.45219359|0.42768073|0.35269386|0.42828125|0.39715624|0.3804605|0.35095245|0.30626681|0.39961368|0.35259393|0.46411872|0.33164003|0.33490169|0.26436925|0.33048862|0.36263889|0.75638938|0.35429576
Laos|0.15682912|0.16761297|0.26525319|0.39484364|0.19307441|0.20649445|0.25105596|0.18129978|0.48903263|0.30308694|0.31943536|0.42232352|0.12467898|0.19189554|0.18172878|0.10847873|0.3054105|0.42406523|0.239829|0.24193382|0.29462779|0.17045087|0.43327907|0.29462779|0.14621837|0.29883775|0.22551543|0.30417508|0.23790209|0.17786169|0.20018274|0.33495387|0.3873941|0.23629692|0.11536738|0.39178398|0.34665102|0.22704306|0.4527837|0.23870851|0.25551522|0.29462779|0.27609342
Lesoto|0.16393957|0.19846897|0.31882128|0.15667468|0.13645801|0.16062605|0.094458796|0.35264131|0.10526272|0.3066259|0.29534459|0.28135383|0.10405917|0.16431075|0.2657811|0.39912668|0.2450936|0.31521267|0.3756904|0.10694047|0.092473663|0.15563734|0.1422482|0.092473663|0.15741003|0.15283912|0.18985|0.11516099|0.091151468|0.25209028|0.067229226|0.13002165|0.10418036|0.15162188|0.35553563|0.2493718|0.22814646|0.087995961|0.30285621|0.099729151|0.37630361|0.092473663|0.096582726
Letonia|0.80608416|0.8026371|0.88677096|0.89103931|0.74938208|0.8348012|0.80804408|0.88316309|0.8770951|0.92181003|0.85225445|0.69591808|0.88115972|0.73272014|0.81627047|0.76216245|0.87030733|0.72343206|0.89884716|0.92217064|0.79623586|0.72584337|0.84623206|0.79623586|0.75424707|0.85307401|0.90751553|0.76707071|0.73154521|0.86880195|0.81079435|0.82061523|0.77110374|0.87732148|0.78149509|0.73643291|0.78765213|0.74698633|0.92639565|0.68395203|0.77036107|0.79623586|0.83173078
Liberia|0.39717776|0.45755446|0.3714816|0.30321622|0.1417771|0.27130735|0.27205497|0.59529346|0.36214405|0.085459292|0.34488317|0.48074073|0.22286054|0.2867744|0.31695923|0.3963846|0.25835025|0.21206596|0.40830588|0.33942652|0.25620654|0.30937305|0.38944775|0.25620654|0.2490252|0.10620908|0.31631097|0.21743686|0.25599614|0.28473219|0.19355889|0.27110061|0.27792895|0.22193395|0.54335642|0.46895412|0.22153573|0.3455624|0.66698784|0.2509003|0.20849839|0.25620654|0.3846187
Libia|0.0|0.0|0.0|0.0|0.0|0.0|0.0|0.0|0.0|0.0091681294|0.0|0.0|0.0|0.0|0.0|0.0|0.0|0.0|0.0|0.0|0.064946212|0.0|0.0|0.064946212|0.0|0.0|0.0|0.0|0.0|0.0|0.0|0.0|0.0|0.0|0.0|0.0|0.0|0.0|0.0|0.0|0.0|0.064946212|0.0
Lituania|0.8605547|0.84744656|0.83131874|0.87396741|0.81117058|0.84868276|0.83944345|0.82807803|0.71891475|0.77505177|0.94052643|0.761244|0.81857169|0.78940594|0.82119417|0.70511734|0.96250182|0.81682038|0.8805089|0.98653251|0.82102334|0.77609682|0.81914937|0.82102334|0.77762592|0.87029254|0.83922291|0.78013194|0.78146356|0.91137898|0.79463029|0.87953705|0.8307215|0.87111378|0.79349875|0.73351657|0.87947047|0.8252691|0.98025501|0.83632147|0.82827502|0.82102334|0.89790416
Luxemburgo|0.70269924|0.8107003|0.89674121|0.73721325|0.89354157|0.82386607|0.76627457|0.91243005|0.71415305|0.83872771|0.96999031|0.91513956|0.84407127|0.71709394|0.8923229|0.94203925|0.77868271|0.79020822|0.92093259|1.0|0.86925793|0.74772334|0.7710309|0.86925793|0.70886993|0.95644718|0.87718737|0.70561373|0.88325447|0.94963449|0.8150475|0.95453036|0.74404997|0.8519367|0.8149972|0.8043412|0.87061155|0.92813003|0.85168159|0.7565375|0.74002761|0.86925793|0.94371426
Líbano|0.57017767|0.52131075|0.53110421|0.33893853|0.61243749|0.52995443|0.63820988|0.36343694|0.65885001|0.47718531|0.42882705|0.77557492|0.6460979|0.68304557|0.54361594|0.46083522|0.65075052|0.50283074|0.55984437|0.68181396|0.059846319|0.56861508|0.58264911|0.059846319|0.56934488|0.62490839|0.48330578|0.50128675|0.57079208|0.65198261|0.48024026|0.52089667|0.33768088|0.59212947|0.69148362|0.61793613|0.52971733|0.46415323|0.43037903|0.37555692|0.42700797|0.059846319|0.67476237
Macao|0.28207535|0.70676625|0.55430716|0.17207968|0.51476449|0.39183408|0.22813436|0.67030638|0.3712433|0.52220565|0.79994744|0.61850321|0.49041635|0.49689418|0.77958047|0.47048008|1.0|0.92545336|0.57037055|0.57334554|0.34099448|0.40124327|0.21346186|0.34099448|0.46928835|0.52619815|0.53641438|0.55885905|0.92689121|0.48237133|0.69345862|0.29289064|0.24896273|0.33366591|0.29687342|0.83502603|0.21779492|0.21070898|0.77648067|0.20036638|0.60754108|0.34099448|0.23025072
Madagascar|0.44184023|0.21048704|0.26965582|0.22927183|0.18691546|0.21395484|0.26581937|0.076774508|0.4509427|0.075047098|0.1711607|0.055373281|0.19674295|0.31278104|0.10496628|0.28240746|0.30079263|0.23745707|0.19590141|0.20633075|0.24657297|0.16685593|0.35044652|0.24657297|0.28113043|0.11385216|0.1175585|0.18280038|0.21588072|0.20888717|0.14495847|0.20268747|0.206577|0.12992722|0.28245905|0.12471108|0.39560601|0.30117404|0.077584192|0.23102793|0.45504734|0.24657297|0.18961212
Malasia|0.83984637|0.83685076|0.90443921|0.77028167|0.72852838|0.69334811|0.8504312|0.7185967|1.0|0.71440768|0.67687702|0.8565793|0.93617254|0.8683989|0.65568554|0.66162109|0.81824505|0.80565745|0.50445783|0.70002335|0.91934061|0.70897782|0.68695486|0.91934061|0.77245653|0.63971436|0.82982695|0.89656937|0.82950622|0.91641641|0.66069913|0.68253303|0.84553409|0.67622113|0.86656225|0.89596272|0.8988899|0.95432538|0.70437199|0.91390336|0.68617457|0.91934061|0.7113573
Maldivas|0.33851114|0.5049566|0.46990508|0.20401978|0.59687132|0.53326881|0.28129458|0.70749474|0.2909767|0.55907214|0.58119762|0.62181216|0.54843628|0.5475961|0.34460542|0.62442994|0.55747199|0.36795366|0.55127633|0.61339748|0.18274105|0.44108969|0.37190932|0.18274105|0.27803138|0.51451981|0.73315775|0.41622433|0.3351087|0.73367131|0.56765962|0.5762893|0.29377693|0.58125383|0.36703667|0.59787178|0.20752203|0.25155443|0.44787142|0.24182877|0.33416948|0.18274105|0.3778609
Malta|0.63784158|0.78249526|0.8047998|0.53424877|0.76795745|0.7602632|0.66396177|0.80248022|0.80733144|0.89541602|0.87158227|0.91101557|0.82236469|0.62197006|0.753824|0.77318442|0.82497585|0.76002342|0.9135654|0.83458662|0.87605631|0.65023458|0.77518487|0.87605631|0.74656701|0.79761529|0.79650092|0.72434485|0.84062624|0.89942586|0.736781|0.79125452|0.62996435|0.76181507|0.72348583|0.7566787|0.81380391|0.67037112|0.78970176|0.65681493|0.72318041|0.87605631|0.99410772
Malí|0.28755945|0.36205328|0.40836635|0.5261175|0.18044332|0.25758496|0.3808547|0.21125729|0.60858679|0.41384369|0.26969156|0.10666578|0.2363705|0.32411265|0.29079875|0.25848672|0.3127116|0.22346921|0.17642918|0.4276551|0.43926516|0.25737217|0.46416885|0.43926516|0.4200902|0.17409936|0.24882647|0.34140205|0.24390776|0.35814005|0.1868684|0.32230568|0.37093508|0.2059004|0.41560698|0.17871939|0.2363905|0.29743525|0.22478735|0.34899929|0.13227974|0.43926516|0.26995617
Marruecos|0.58702725|0.36489239|0.53619915|0.34614855|0.47977573|0.51118201|0.6485287|0.25051925|0.68660557|0.42898196|0.38140142|0.29522407|0.50950587|0.65036041|0.42785335|0.63131046|0.52010751|0.47807115|0.36757365|0.41609851|0.28508663|0.49491516|0.57104874|0.28508663|0.45773643|0.5218913|0.41421074|0.55449522|0.42339575|0.53938758|0.42513198|0.60353082|0.54196131|0.57306159|0.70582211|0.44663495|0.63768709|0.61390334|0.1298679|0.60553879|0.64670849|0.28508663|0.43337852
Mauricio|0.57837129|0.64690125|0.65229452|0.45631754|0.53461564|0.57265663|0.49209228|0.2903029|0.5953213|0.26860356|0.56985974|0.65875208|0.58358061|0.47075731|0.58306503|0.59550512|0.67041636|0.4994635|0.66600204|0.59100318|0.50535458|0.51410311|0.63392949|0.50535458|0.49097323|0.53544384|0.62276018|0.47860897|0.5799728|0.79406977|0.62449896|0.58352417|0.41930601|0.57769692|0.61568189|0.64892906|0.51561451|0.46102035|0.51511192|0.42118436|0.53323722|0.50535458|0.54584599
Mauritania|0.54180956|0.12404012|0.24519369|0.39094448|0.16543585|0.1461135|0.32463083|0.55644321|0.79305238|0.42023307|0.13431746|0.17390504|0.16808593|0.35711756|0.20232059|0.24763441|0.20444129|0.25350615|0.16566372|0.12588978|0.29088026|0.16091084|0.26929343|0.29088026|0.24177438|0.22531909|0.46044594|0.16419503|0.11130266|0.57266235|0.15325159|0.24421054|0.4613775|0.13284329|0.5037061|0.1701248|0.21139589|0.20737475|0.073227122|0.1842463|0.14739695|0.29088026|0.33854401
Micronesia|0.096964136|0.35247755|0.34418958|0.061318815|0.16894367|0.26047936|0.091493502|0.4687652|0.316715|0.018073764|0.31012636|0.33476707|0.11360233|0.0049291248|0.14036731|0.40715146|0.11093374|0.14452496|0.54569679|0.36251962|0.081544891|0.19261964|0.13252875|0.081544891|0.096860252|0.061395235|0.19621693|0.16726911|0.062204242|0.16754842|0.29093951|0.17799512|0.17796229|0.31056753|0.17263512|0.081654988|0.063494764|0.11100145|0.50816393|0.059932675|0.22071001|0.081544891|0.23997089
Moldavia|0.45895159|0.66797388|0.67332369|0.75825751|0.66333532|0.68449163|0.55985129|0.69085443|0.41273963|0.74349833|0.59752512|0.47730055|0.69267118|0.52654493|0.61658788|0.71578419|0.76224542|0.67753172|0.62697554|0.70692873|0.59490252|0.59301329|0.68165195|0.59490252|0.5885967|0.76519585|0.64675391|0.54571879|0.59122932|0.75211674|0.56469131|0.74467903|0.53232968|0.65486258|0.57079756|0.46031392|0.54799247|0.58485639|0.73170733|0.48280078|0.65903676|0.59490252|0.55972421
Mongolia|0.34867382|0.32880005|0.59994972|0.47094268|0.45017111|0.45924965|0.5132708|0.50314915|0.6163969|0.59205961|0.65949923|0.23011555|0.68610197|0.51615131|0.50055069|0.3885451|0.60575318|0.37296242|0.39313537|0.62244928|0.56295681|0.50715792|0.51392871|0.56295681|0.47890085|0.50526035|0.5178262|0.42055869|0.46324974|0.51000458|0.41479704|0.59951621|0.55528837|0.48065218|0.28946677|0.31778347|0.38325825|0.36596838|0.54505932|0.36079156|0.3264915|0.56295681|0.66761017
Montenegro|0.52900839|0.5887084|0.70771581|0.41374213|0.68387997|0.69664681|0.4956255|0.70168936|0.57356918|0.78090262|0.69265091|0.84171867|0.74071109|0.6263895|0.66810095|0.58404374|0.71478271|0.56652778|0.71398085|0.6546973|0.46411276|0.52261895|0.58657956|0.46411276|0.5596211|0.73907095|0.68702602|0.45368314|0.59408677|0.74296772|0.65091866|0.75753206|0.52712083|0.70101011|0.42459995|0.5774346|0.4580155|0.44041756|0.94565427|0.44542322|0.54143757|0.46411276|0.58467835
Montserrat|0.071514755|0.11108792|0.085758552|0.086615026|0.075906903|0.081720904|0.085183024|0.10076053|0.14585476|0.15781724|0.11654059|0.13219905|0.13218813|0.098810039|0.079102993|0.12721711|0.09061227|0.09564162|0.11829284|0.11659324|0.42458269|0.06668561|0.082229324|0.42458269|0.080452889|0.13877648|0.089098565|0.067061462|0.088364743|0.10285686|0.083240703|0.079519451|0.067837745|0.074173979|0.086957961|0.10300761|0.07802254|0.068665616|0.14216763|0.078409627|0.074924968|0.42458269|0.078827083
Mozambique|0.44708651|0.38279554|0.21178155|0.37450212|0.20375839|0.2021573|0.27490923|0.44147161|0.0415929|0.17026502|0.27664429|0.27072933|0.22959903|0.13082293|0.25141034|0.57752156|0.28857419|0.2568289|0.30879131|0.26447558|0.15259549|0.23370844|0.4601903|0.15259549|0.33559734|0.3052716|0.16789418|0.30105069|0.09722203|0.23137939|0.21584685|0.34348023|0.26008719|0.24302724|0.41884491|0.20029317|0.24836105|0.24576907|0.34226328|0.42920363|0.24717548|0.15259549|0.63753825
Myanmar|0.3174597|0.031230779|0.30911103|0.45995602|0.11227906|0.11743303|0.12987646|0.13856009|0.056209702|0.068311289|0.093206204|0.025445342|0.093409747|0.049780559|0.09051995|0.075651526|0.20825042|0.11033419|0.084053241|0.23794787|0.076719299|0.14414467|0.24539793|0.076719299|0.2266342|0.065579914|0.01607223|0.11871514|0.037173916|0.13799259|0.086697124|0.10811323|0.22328535|0.030785032|0.061253116|0.14823118|0.2917628|0.28123933|0.12393928|0.19746813|0.32353097|0.076719299|0.087867849
México|0.38709998|0.27649969|0.39730647|0.53084373|0.5676837|0.48550174|0.74138457|0.71566963|0.19730726|0.23566195|0.24175869|0.43376487|0.37781298|0.40383622|0.56772661|0.55683661|0.49155736|0.5885852|0.47799465|0.287655|0.70970309|0.55952841|0.7166965|0.70970309|0.44590777|0.45951518|0.34868824|0.73520756|0.65205348|0.57923269|0.663504|0.66087174|0.76186371|0.4053123|0.53757685|0.52942491|0.7118777|0.83407432|0.83713466|0.72987318|0.59522992|0.70970309|0.24815673
Nicaragua|0.51462126|0.32214469|0.64055347|0.67550796|0.36662066|0.65481019|0.464472|0.53399134|0.16546652|0.3210595|0.49850079|0.25933903|0.45438609|0.21605527|0.51222557|0.60934013|0.70393252|0.5632183|0.60254353|0.3808201|0.58511221|0.54912132|0.76120621|0.58511221|0.62530482|0.46846873|0.40172905|0.51433027|0.4707728|0.37807167|0.46608359|0.48869193|0.44835997|0.44283625|0.60851705|0.31018591|0.58327162|0.4938181|0.59665895|0.48806059|0.70827627|0.58511221|0.44025439
Nigeria|0.29800394|0.49688876|0.38295454|0.18791795|0.16222394|0.39478809|0.27811998|0.10463633|0.60105348|0.33721924|0.26366502|0.16175765|0.15215151|0.23411041|0.11109898|0.26206776|0.19006401|0.3579306|0.15413316|0.29715681|0.38389638|0.13144216|0.17251502|0.38389638|0.31932676|0.088439956|0.18334818|0.3319459|0.14810698|0.44746947|0.14052354|0.22390997|0.49536371|0.20220861|0.45283416|0.11473835|0.33649457|0.45713428|0.13492045|0.43684459|0.24408248|0.38389638|0.25917313
Noruega|0.91311312|0.61712086|0.97951293|0.66198194|0.92103052|0.91177112|0.82404363|0.62444818|0.8253327|0.8893528|0.88833761|0.69865048|0.85773289|0.84236228|0.88437289|0.89564317|0.91327327|0.8723039|0.7729156|0.79176879|0.91263652|0.87423968|0.9140467|0.91263652|0.82528573|0.89535356|0.84579378|0.83084559|0.85648692|0.74674726|0.87456548|0.93582606|0.93119842|0.91624057|0.7676475|0.87007153|0.66220903|0.77358055|0.63518083|0.83327812|0.86448205|0.91263652|1.0
Nueva Zelanda|0.7961899|0.68625689|0.90881497|0.92478681|0.84445548|0.89420629|0.82896399|0.55309165|0.86963117|0.93858701|0.79481959|0.50411463|0.88994265|0.88770717|0.80745769|0.92153609|0.93586707|0.69778407|0.71051985|0.84977353|0.90893638|0.90615255|0.89078534|0.90893638|0.82177317|0.60760951|0.70110857|0.79093409|0.87936258|0.5510487|0.88940179|0.88364911|0.8173191|0.7462483|0.78582758|0.64035976|0.69347245|0.79999483|0.86391592|0.75347686|0.85144818|0.90893638|0.95965165
Níger|0.23753609|0.10367462|0.34109467|0.14708528|0.10681314|0.10737912|0.16075373|0.17621998|0.37953413|0.48483804|0.15411344|0.083944507|0.11881956|0.20794617|0.12856847|0.33003896|0.14437513|0.073733486|0.10055853|0.28011|0.22204|0.1515051|0.12865306|0.22204|0.2570042|0.10274047|0.14615712|0.12874709|0.066636339|0.21963945|0.076646328|0.21181536|0.35248011|0.15821627|0.43132335|0.059202984|0.096960157|0.1079013|0.14628465|0.14583176|0.18596458|0.22204|0.35137242
Omán|0.69602269|0.46425563|0.72014612|0.5140965|0.68957245|0.69977438|0.67116493|0.78692281|0.63990211|0.66729975|0.54371274|0.63879794|0.66054809|0.59543312|0.57663906|0.57423937|0.71846759|0.56041837|0.61389446|0.57747197|0.54688025|0.57603961|0.65060127|0.54688025|0.54771543|0.6898545|0.76651353|0.60182798|0.6683358|0.85142905|0.63535321|0.65707266|0.70016283|0.67976004|0.69594514|0.76602685|0.55086267|0.55549133|0.26112643|0.62785614|0.5506041|0.54688025|0.76658165
Pakistán|0.71509951|0.081842989|0.35017657|0.46736139|0.23711924|0.17807291|0.29334724|0.15410973|0.20438135|0.28157425|0.077831343|0.20629007|0.40917659|0.39183259|0.12271115|0.25229454|0.33958864|0.28929406|0.11540949|0.22588089|0.44212791|0.4374972|0.19344562|0.44212791|0.46576092|0.21975787|0.4864985|0.39702481|0.31206429|0.27310827|0.15005478|0.2071671|0.45463198|0.23174913|0.5929625|0.19116972|0.55427533|0.60758567|0.089960583|0.63220555|0.29510605|0.44212791|0.30829281
Palaos|0.1236393|0.37917262|0.27943021|0.10039952|0.32430592|0.26708215|0.22239509|0.31826323|0.18257935|0.044074554|0.40832579|0.45766476|0.29170439|0.01935417|0.070435464|0.22892284|0.10198303|0.1809352|0.36146921|0.25098196|0.069753096|0.22092661|0.15603687|0.069753096|0.0998445|0.024989279|0.26376331|0.24391034|0.10175786|0.11106718|0.44967955|0.3809998|0.21926694|0.31378394|0.13040799|0.14444602|0.08269275|0.1460062|0.42334521|0.081435747|0.061621267|0.069753096|0.44623178
Palestina|0.20503119|0.13889174|0.39216244|0.16720328|0.24696052|0.24691176|0.12623554|0.24417578|0.33282536|0.32892436|0.2382198|0.4693653|0.44212234|0.27996591|0.13671792|0.10455937|0.34600544|0.15594287|0.12605789|0.33551711|0.42458269|0.31944954|0.21847141|0.42458269|0.20156449|0.20635368|0.3223289|0.10551132|0.13881227|0.36987045|0.12454565|0.18149205|0.12977408|0.26358825|0.1896228|0.29801792|0.24323606|0.2306717|0.10692862|0.16650191|0.14090505|0.42458269|0.1206975
Panamá|0.22307667|0.34655505|0.20607492|0.24406767|0.3700062|0.23985407|0.20039386|0.25869375|0.26022515|0.39896488|0.22415653|0.30775651|0.26904202|0.28989798|0.20745391|0.20207869|0.18414623|0.30923867|0.35560051|0.27366656|0.69846201|0.20431691|0.20296943|0.69846201|0.61002225|0.45588434|0.34076804|0.20240177|0.34651345|0.24152395|0.33307737|0.21518512|0.23402832|0.25500387|0.24183123|0.45035183|0.32640082|0.23852433|0.44203192|0.67965901|0.29181784|0.69846201|0.21249069
Paraguay|0.20217744|0.27925858|0.37558788|0.76721346|0.49134484|0.58817947|0.57118273|0.3045814|0.20852607|0.36390984|0.56684721|0.33112842|0.46054965|0.38853383|0.45936701|0.47479832|0.59527153|0.50884324|0.44757295|0.48901924|0.61281925|0.45214164|0.41961083|0.61281925|0.52980644|0.43477863|0.39043733|0.59357339|0.55899596|0.26182973|0.60758901|0.43026537|0.5227133|0.28367713|0.27490377|0.41710383|0.51846135|0.53205419|0.26774836|0.58113474|0.47158837|0.61281925|0.49870253
Países Bajos|1.0|0.86926496|0.90135634|0.78981435|0.93482196|0.96977544|0.93833816|0.96996915|0.82139862|0.97552443|0.94393718|0.95900106|0.87715673|0.92689127|1.0|0.87788337|0.9450388|0.88311017|0.90370953|0.87986249|0.96588784|0.9528411|1.0|0.96588784|0.90054858|0.98988801|0.93652892|0.94306415|0.94054258|0.95904815|0.9659546|0.96591008|0.89774781|0.96653831|0.98374331|0.86356843|0.90782154|0.85262597|0.89787811|0.94022655|0.96309602|0.96588784|0.87401253
Perú|0.70721686|0.42329189|0.60961336|0.81993586|0.64886791|0.68126357|0.71662247|0.65516269|0.74026555|0.30964458|0.61641431|0.62511075|0.51289856|0.24485347|0.71476722|0.73390651|0.75656664|0.64650559|0.4880085|0.64931941|0.67227721|0.67298079|0.65333521|0.67227721|0.66515744|0.58311164|0.40737566|0.65544391|0.5458957|0.66197789|0.62837565|0.66852927|0.72443134|0.60546315|0.77456355|0.55892837|0.78285384|0.78908801|0.52422184|0.71911323|0.68956214|0.67227721|0.72298121
Polonia|0.89929044|0.87467587|0.81569201|0.90175682|0.80112731|0.81283748|0.88118732|0.77214521|0.77180743|0.9720068|0.78414863|0.77244246|0.90221334|0.86359668|0.93271434|0.82766056|0.72903347|0.88900238|0.74832368|0.92700046|0.94133085|0.73381478|0.83645582|0.94133085|0.79875296|0.91612822|0.86584878|0.80634272|0.85999|0.83508813|0.88393235|0.82445979|0.96129358|0.69048131|0.83254391|0.72515577|1.0|1.0|0.95674413|0.93498683|0.94286168|0.94133085|0.80493772
Portugal|0.76171601|0.84267122|0.83484614|0.7076571|0.76379502|0.84566236|0.78580058|0.86601931|0.91350853|0.94584131|0.65512484|0.93559092|0.80186969|0.83839476|0.72339702|0.82063007|0.83212626|0.84782416|0.8384856|0.86192572|0.7715438|0.81275529|0.74448466|0.7715438|0.79340613|0.86689466|0.77904391|0.77712679|0.76847243|0.87263387|0.76745671|0.74002647|0.79697192|0.80073059|0.91185832|0.82186246|0.75732964|0.88634598|0.8163873|0.87158906|0.81220758|0.7715438|0.78023452
Qatar|0.56317341|0.60631186|0.66404974|0.40375465|0.73381245|0.65892231|0.50760502|0.84681344|0.57739305|0.79019445|0.57384336|0.79885107|0.7035408|0.60381293|0.70151818|0.53967202|0.80956763|0.70838904|0.6497103|0.73516357|0.58086681|0.60138524|0.55432045|0.58086681|0.62249088|0.71862078|0.75308084|0.59673983|0.78738546|0.77925074|0.63934588|0.72485244|0.66001552|0.74993873|0.55442739|0.89294779|0.47453547|0.54196131|0.38904467|0.56061697|0.61607575|0.58086681|0.71973336
Reino Unido|0.87024653|0.86423981|1.0|0.8650769|0.94007373|0.91661984|0.84441507|0.99011493|0.8652705|0.87002176|0.90485263|0.84996712|1.0|0.87462628|0.81212795|0.74439156|0.95037693|0.85346103|1.0|0.93039501|0.85674739|0.93586862|0.93322265|0.85674739|0.92540777|0.97720844|0.96393895|0.86156881|0.77135623|0.82582366|0.92586172|0.92987466|0.87350458|0.94295591|0.86240649|0.88837892|0.93854111|0.90093756|0.80584359|0.86070752|0.86949551|0.85674739|0.97642541
República Centroafricana|0.17066899|0.29162061|0.21481264|0.095721506|0.093447424|0.22106923|0.11199076|0.43119451|0.26296997|0.13116176|0.20764156|0.33879292|0.20442028|0.25765145|0.14701904|0.49841508|0.11455841|0.13092911|0.25989461|0.17227851|0.33423245|0.3275857|0.17699558|0.33423245|0.30060431|0.073584355|0.23347698|0.23749313|0.058696501|0.26778692|0.13251285|0.24092045|0.16872129|0.12713635|0.15516926|0.38870567|0.11557658|0.10061937|0.1800562|0.093588799|0.1907535|0.33423245|0.25176629
República Checa|0.71795523|0.73866946|0.77755237|0.8118524|0.73799616|0.7746473|0.88415885|0.89000762|0.72287828|0.81212389|0.81373411|0.70139682|0.81205213|0.69527417|0.84096646|0.69829911|0.85310519|0.71544039|0.8127861|0.84703946|0.81444991|0.71243966|0.76778787|0.81444991|0.84931463|0.88781035|0.81984377|0.81618047|0.80756772|0.76702619|0.81924051|0.80546486|0.90091395|0.79163712|0.68811405|0.80108678|0.84177804|0.92522711|0.95386249|0.81490839|0.82459664|0.81444991|0.7024231
República Democratica del Congo|0.2551764|0.40258151|0.40127704|0.35536617|0.29472196|0.5235188|0.49893481|0.47508937|0.51266217|0.24728572|0.44609207|0.38035664|0.33696315|0.2763173|0.28206789|0.42437381|0.3157565|0.29319996|0.34547234|0.30628461|0.4449926|0.30555904|0.48179302|0.4449926|0.4017508|0.24977607|0.29238677|0.4031651|0.27377552|0.44151717|0.3100802|0.49772808|0.50233114|0.27260554|0.30242789|0.30539754|0.27206278|0.41250202|0.49308088|0.4641206|0.35757056|0.4449926|0.45766419
República Dominicana|0.65983593|0.68191183|0.61235726|0.62198412|0.64122987|0.67507398|0.58810878|0.66736889|0.33000049|0.22835863|0.73739982|0.56346262|0.48331389|0.33693182|0.49256659|0.78735417|0.56482875|0.61759651|0.63174438|0.49960101|0.67974365|0.47431397|0.82389414|0.67974365|0.5663262|0.54969215|0.54697752|0.49115494|0.51333606|0.77227163|0.49477115|0.6933111|0.63760257|0.66220486|0.74397749|0.55595767|0.76757771|0.75218755|0.72737831|0.59404087|0.65460885|0.67974365|0.67150891
Ruanda|0.54543245|0.36788678|0.35645044|0.52177835|0.29985011|0.36266559|0.31854162|0.20306879|0.67826915|0.42443091|0.47810084|0.20906028|0.34023514|0.25392276|0.40598065|0.66484427|0.42575374|0.37877268|0.23448856|0.27684146|0.543612|0.47152573|0.48840517|0.543612|0.40776449|0.26680231|0.35875076|0.44360667|0.26883742|0.39383703|0.35217595|0.40175158|0.38328648|0.41544586|0.47634816|0.15337712|0.45265073|0.37608579|0.18796237|0.31275135|0.40154147|0.543612|0.31118664
Rumania|0.67734325|0.75428563|0.84776902|0.93177092|0.82943505|0.83190328|0.79756629|0.90020037|0.88435835|0.96115625|0.8404808|0.70430028|0.90737617|0.79924059|0.78546399|0.80395699|0.9035275|0.76725227|0.8534869|0.91779286|0.78761244|0.76452613|0.8633467|0.78761244|0.81022191|0.8495748|0.85071588|0.82413661|0.6612469|0.91927248|0.79754782|0.87085319|0.87820572|0.75648195|0.80757987|0.72954893|0.83782989|0.93144631|1.0|0.79228461|0.84771514|0.78761244|0.74445415
Rusia|0.51937318|0.41402063|0.56201065|0.41082621|0.58835083|0.61356896|0.62817478|0.45176458|0.50052464|0.65158296|0.64882898|0.60019803|0.67491448|0.65846574|0.62230879|0.31948894|0.63632017|0.73683918|0.32476741|0.69216812|0.62233317|0.78305143|0.51853228|0.62233317|0.73033535|0.71377873|0.69026399|0.57264435|0.53991246|0.49206597|0.59639722|0.60970843|0.54955|0.36476228|0.38373315|0.54229438|0.44451469|0.61916262|0.37275246|0.6607728|0.65055698|0.62233317|0.57189834
San Cristóbal Y Nieves|0.18828261|0.31267953|0.22901452|0.12829226|0.2783463|0.25422019|0.1227074|0.41657737|0.32395127|0.37650585|0.44138286|0.31098533|0.19170493|0.012130622|0.17073174|0.29579175|0.26957145|0.2801289|0.38671219|0.17873994|0.084720366|0.16373627|0.29471046|0.084720366|0.14946927|0.37725741|0.17932868|0.20921591|0.43872857|0.30630845|0.34096894|0.30804843|0.14207134|0.34851462|0.10933492|0.34624815|0.17018798|0.12936909|0.47703463|0.13960293|0.089273289|0.084720366|0.38762885
San Marino|0.064056538|0.086188182|0.069057487|0.06786757|0.063908182|0.062362649|0.058064193|0.070092112|0.076722331|0.15460882|0.063926451|0.092588343|0.071814962|0.094308481|0.059125453|0.069864385|0.067552164|0.064720362|0.065523446|0.072509035|0.40424505|0.055941384|0.06282793|0.40424505|0.057973821|0.092894487|0.073677391|0.056520596|0.078674532|0.069550999|0.055780083|0.067287318|0.060429387|0.065912746|0.07406266|0.087007426|0.06832175|0.062156718|0.0928725|0.068235278|0.064437181|0.40424505|0.065587908
Senegal|0.37062481|0.15207723|0.35301787|0.41698885|0.19023372|0.19570476|0.29614758|0.26460773|0.47586304|0.46713817|0.30644709|0.38504189|0.18730712|0.22784746|0.2236867|0.24411228|0.1869894|0.19405937|0.2505486|0.51648784|0.1913107|0.34662351|0.49611363|0.1913107|0.29711163|0.16621308|0.30859613|0.32180697|0.18733415|0.42464405|0.24693426|0.42567044|0.4286347|0.38280934|0.50897372|0.22640251|0.41030461|0.35768163|0.18359554|0.27318144|0.21743816|0.1913107|0.42741743
Serbia|0.474787|0.60932839|0.61630058|0.71798915|0.61884975|0.6405226|0.57402873|0.59867346|0.38600203|0.76373559|0.55299246|0.48405546|0.77876031|0.75724483|0.56139338|0.54859102|0.71141028|0.73325217|0.73164594|0.72860801|0.65823531|0.65311897|0.72550172|0.65823531|0.6970551|0.68449366|0.63170397|0.66001129|0.61861271|0.66527784|0.65373802|0.73499215|0.74772799|0.65784079|0.52149367|0.49978572|0.82811153|0.80452979|0.78012919|0.66515326|0.70241868|0.65823531|0.65594447
Seychelles|0.46999842|0.7225489|0.45554399|0.27383155|0.54223543|0.50500625|0.43200472|0.60198885|0.45790642|0.34339523|0.64447892|0.6718716|0.53454053|0.4382233|0.43192524|0.44646072|0.56117535|0.41502768|0.67693561|0.57044339|0.46133038|0.35354775|0.7478497|0.46133038|0.322312|0.50868505|0.64983261|0.38266039|0.39548057|0.67880964|0.50636911|0.54067552|0.36550081|0.55501449|0.39802113|0.661111|0.38742477|0.32082909|0.56468487|0.32534721|0.37017918|0.46133038|0.5749712
Sierra Leona|0.078975089|0.17475852|0.27663091|0.13410699|0.31440377|0.29785895|0.15607563|0.3710871|0.26592493|0.071996704|0.21989667|0.25596869|0.17500526|0.059502117|0.31274939|0.23166049|0.15229027|0.21545228|0.33083564|0.092215694|0.17049548|0.10638104|0.25902033|0.17049548|0.22015393|0.049114496|0.23798051|0.14273801|0.12517186|0.15223998|0.11461958|0.23773974|0.18497293|0.1032343|0.24502036|0.10592245|0.08819212|0.17746991|0.16156095|0.084719963|0.10935634|0.17049548|0.16525298
Singapur|0.93650174|0.90028197|0.76877892|0.56678057|0.88816357|0.90046275|0.80062413|0.98736107|0.95762652|0.78394413|0.9657352|0.89327472|0.87005597|0.80872023|0.83809352|0.81092262|0.96976775|0.97206557|0.87143767|0.85263538|1.0|0.86876595|0.89354736|1.0|0.78804207|0.87601322|0.87021369|1.0|0.9949134|0.99533921|0.84396744|0.90030897|0.91086584|0.78885031|0.82475734|0.90520191|0.67557144|0.7257576|0.91676056|0.90298611|0.80576801|1.0|0.9376995
Siria|0.73353028|0.48111802|0.8123982|0.58696604|0.5110876|0.46978718|0.53147274|0.74349862|0.7369827|0.73036897|0.467682|0.013801191|0.56515187|0.90083599|0.38938439|0.46398056|0.45746177|0.20727208|0.51315129|0.61844397|0.052722599|0.57247365|0.54782182|0.052722599|0.48368591|0.44925159|0.6930908|0.37545237|0.20883232|0.61720061|0.37738317|0.52729738|0.48768306|0.45579147|0.6592207|0.24075647|0.59003949|0.71657127|0.064019054|0.54607999|0.50089872|0.052722599|0.21682134
Somalia|0.49113324|0.27025223|0.65813738|0.17742273|0.35271561|0.34051096|0.30882472|0.33698481|0.73045981|0.36699486|0.24471815|0.27623361|0.3214699|0.44443238|0.44788766|0.22507934|0.41015929|0.27367598|0.18970156|0.25417966|0.18633646|0.25239655|0.30633268|0.18633646|0.28420281|0.27390102|0.58685768|0.27794933|0.46684173|0.60930568|0.32617173|0.27988511|0.23844758|0.44984686|0.42824292|0.26583934|0.16726816|0.19429299|0.22858974|0.17841272|0.44241381|0.18633646|0.15932012
Sri Lanka|0.64280927|0.6600287|0.67729187|0.80653453|0.47656608|0.65161443|0.57731378|0.40592933|0.89476705|0.22362854|0.58489132|0.39002097|0.62757051|0.26689065|0.49553207|0.74107838|0.60926276|0.60258949|0.34828466|0.51027095|0.62638569|0.73751467|0.72005516|0.62638569|0.628259|0.51745635|0.76298106|0.70128536|0.59735262|0.95630896|0.52127188|0.69708896|0.76687545|0.53236353|0.80088091|0.63066196|0.94261801|0.91934931|0.52726138|0.81144059|0.88889015|0.62638569|0.51203048
Sudáfrica|0.68368089|0.44875151|0.55728757|0.77433336|0.62562263|0.75589502|0.74933267|0.58022964|0.42706674|0.6917932|0.50889647|0.58163989|0.59559858|0.7136066|0.68772316|0.66854131|0.57461929|0.55578429|0.30063915|0.68466502|0.61776757|0.69495523|0.55135065|0.61776757|0.64391971|0.42889675|0.4390974|0.67316186|0.49301133|0.45046765|0.57610428|0.56123173|0.62331629|0.53587252|0.58065808|0.68453121|0.67263573|0.70495486|0.55287814|0.76160067|0.67046082|0.61776757|0.64160728
Sudán|0.30272147|0.061759312|0.26212138|0.44090319|0.44577998|0.38474172|0.39310324|0.089005843|0.77584594|0.1674538|0.12229989|0.10958721|0.30516055|0.61169922|0.44511431|0.15466961|0.34300169|0.35046658|0.086911619|0.151925|0.267032|0.2688376|0.36812186|0.267032|0.36951178|0.1243549|0.35567474|0.2214684|0.4600412|0.42996293|0.25227147|0.1946049|0.20981464|0.19105965|0.23483592|0.046530694|0.27634642|0.36871511|0.050948709|0.25997207|0.38414127|0.267032|0.1929183
Suecia|0.83617055|0.9412086|0.87853879|0.75536883|0.9059|0.9055866|0.86273086|0.85042524|0.63549399|0.86028606|0.9288677|0.88170826|0.87336755|0.92172253|0.88831067|0.83848798|0.88437355|0.77009523|0.86820686|0.73857689|0.8921966|0.8472541|0.88285637|0.8921966|0.7507211|0.87322742|0.82350284|0.86809433|0.83326674|0.90814131|0.89232135|0.94790983|0.8038674|0.83017832|0.67822033|0.85953534|0.71523631|0.76587099|0.77329195|0.85097975|0.8826856|0.8921966|0.82539546
Suiza|0.82569683|0.87862432|0.93986857|0.78618002|0.96274257|0.9524442|0.85602593|0.93130332|0.84307802|0.91902763|0.94921726|0.87823486|0.85439259|0.98001039|0.95753098|1.0|0.84778547|0.91303182|0.84506446|0.7794894|0.97573054|0.88834667|0.97142851|0.97573054|0.94633031|1.0|0.92578524|0.87719965|0.89026964|0.80236441|0.92113483|0.98687983|0.8135879|0.93631434|0.89477068|0.95837134|0.87474465|0.89261144|0.76454568|0.79699939|0.96018785|0.97573054|0.91992742
Surinam|0.30985117|0.24648592|0.38904238|0.45332617|0.15611461|0.3282831|0.42922509|0.47805059|0.47876501|0.094760217|0.47157586|0.19978344|0.29488093|0.21183541|0.23087597|0.44051743|0.37117797|0.20009634|0.43579179|0.42248201|0.23157063|0.27435642|0.49328735|0.23157063|0.18891522|0.3088955|0.3836472|0.22768515|0.15100589|0.34979403|0.27404645|0.36832833|0.51574016|0.27619445|0.19490188|0.15780678|0.26235101|0.27437162|0.25831354|0.43340057|0.17413329|0.23157063|0.38181487
Tailandia|0.49734914|0.76059115|0.68153286|0.83374333|0.67181545|0.61069202|0.75518268|0.43507376|0.48554122|0.54221219|0.57735169|0.64604604|0.69830859|0.66546619|0.60079914|0.6719119|0.55413908|0.83523285|0.43980539|0.65854645|0.83627796|0.69062722|0.66251892|0.83627796|0.71734172|0.6368745|0.60731637|0.81271523|0.74349284|0.75885952|0.49806073|0.64009148|0.91894412|0.58566165|0.67028606|0.69547331|0.83458459|0.75945783|0.53446347|0.87614095|0.59102571|0.83627796|0.51861411
Taiwán|0.73809016|0.74922454|0.81888878|0.65355718|0.89952356|0.79751587|0.71346176|0.73663366|0.76134741|0.52679199|0.81813657|0.88445961|0.75953352|0.85341954|0.73802859|0.64380491|0.82223678|0.87601042|0.57728177|0.7946595|0.98001373|0.80777675|0.67096508|0.98001373|0.78497314|0.61441195|0.74793708|0.90345001|0.90101731|0.82182145|0.68008983|0.71260428|0.97178757|0.73941678|0.8821249|0.82861459|0.81747949|0.72924608|0.78633571|0.92850465|0.66272169|0.98001373|0.81343865
Tanzania|0.29135886|0.039966669|0.13535433|0.50076801|0.21216296|0.2514056|0.37788615|0.18941532|0.50630939|0.060448825|0.18497905|0.11921499|0.14001194|0.30935216|0.24830642|0.45407438|0.29270089|0.19696727|0.071874201|0.11306371|0.21558943|0.37848091|0.31176412|0.21558943|0.38760385|0.13588041|0.060701724|0.32554409|0.18220195|0.11493599|0.1748926|0.23416318|0.47201955|0.13578737|0.2192121|0.11087993|0.40606314|0.48741931|0.11095661|0.41168922|0.26711705|0.21558943|0.41762042
Tayikistán|0.56022048|0.28225014|0.51737529|0.48970979|0.45958027|0.42582792|0.28819472|0.36708808|0.64310575|0.63302779|0.40539205|0.29095808|0.61833084|0.13467479|0.32043132|0.18605176|0.47700441|0.23401618|0.48199165|0.41908723|0.45200947|0.38850376|0.3159411|0.45200947|0.43844581|0.57232314|0.33074778|0.28500366|0.36931208|0.35298431|0.22256812|0.51043606|0.48491386|0.64319408|0.56410819|0.2757425|0.34359598|0.40746939|0.10333353|0.45023602|0.32002962|0.45200947|0.48363763
Togo|0.39025167|0.42792809|0.23883459|0.37834477|0.11517496|0.21038823|0.23671646|0.38590592|0.41924912|0.29751205|0.36796799|0.16851109|0.21963704|0.28376579|0.3363525|0.35368037|0.23986509|0.36469769|0.2762652|0.31939322|0.40076864|0.21226305|0.41489786|0.40076864|0.34773645|0.12918299|0.17582685|0.2649205|0.17091516|0.40033579|0.15887094|0.32950038|0.2730045|0.18516323|0.25675747|0.17510051|0.31801331|0.4837572|0.15717316|0.32238388|0.3906424|0.40076864|0.40535718
Tokelau|0.10589425|0.20747007|0.16890307|0.11740817|0.06781023|0.071223095|0.19640383|0.24058177|0.090927467|0.2021133|0.16791153|0.15729894|0.14767748|0.098810039|0.062486686|0.066917606|0.078968614|0.16495416|0.20071799|0.1389626|0.42458269|0.28927916|0.072168052|0.42458269|0.11452458|0.16302466|0.12483307|0.17967153|0.075735703|0.18624862|0.05975879|0.11250573|0.13739409|0.17422006|0.09477666|0.28774643|0.071660526|0.097575374|0.20547044|0.15424165|0.068269305|0.42458269|0.13924851
Tonga|0.14746916|0.33718646|0.34731615|0.19985902|0.30785739|0.32467562|0.075274371|0.53961706|0.14932571|0.039166175|0.33948576|0.465837|0.21471047|0.0077456734|0.16280296|0.3920747|0.22482762|0.12003914|0.46332449|0.14391065|0.087953977|0.24204662|0.2349025|0.087953977|0.12102755|0.21589975|0.2593537|0.15743765|0.11420208|0.456054|0.27094087|0.3047899|0.14648443|0.34047422|0.056860033|0.67032623|0.16175307|0.14929804|0.1969699|0.074141413|0.10660102|0.087953977|0.1682272
Trinidad y Tobago|0.46723244|0.47577608|0.48407996|0.27679345|0.40277648|0.47583202|0.40148458|0.49351189|0.58961302|0.49412268|0.43804115|0.5151965|0.45771897|0.36222517|0.36419302|0.48874331|0.50757879|0.33183494|0.46980888|0.49433288|0.2614491|0.38304979|0.59052682|0.2614491|0.46209317|0.41579509|0.51441252|0.33821803|0.38310212|0.63562781|0.40619996|0.46591836|0.45171756|0.43648911|0.44413227|0.56705481|0.53628689|0.44791493|0.53773248|0.39565974|0.30184054|0.2614491|0.53326058
Turkmenistán|0.13885793|0.053784616|0.15787561|0.23335648|0.39948279|0.29328805|0.26095021|0.32216215|0.46112391|0.088207237|0.10343561|0.19008656|0.38343829|0.24846211|0.23802917|0.088554442|0.29650775|0.13523012|0.13569014|0.45279643|0.10177585|0.29577339|0.14832745|0.10177585|0.20857185|0.34318057|0.22221613|0.40707907|0.36638397|0.12542301|0.21887159|0.42250571|0.41200152|0.26910278|0.18205029|0.076656155|0.12214781|0.19056398|0.061004438|0.24543583|0.17841691|0.10177585|0.18362486
Turquía|0.79228628|0.5304507|0.64352715|0.82989049|0.6228224|0.62135983|0.87378824|0.54333615|0.76855898|0.57518035|0.60372508|0.61424649|0.73663008|0.70602471|0.60783732|0.61917782|0.65501887|0.7043516|0.45758423|0.78645086|0.79079771|0.76096439|0.62709212|0.79079771|0.70320636|0.53175563|0.58378756|0.7170881|0.68922991|0.40339297|0.53516155|0.64600885|0.92433798|0.51315492|0.91703039|0.53344291|0.95529461|0.98374569|0.54114187|0.89411181|0.74612224|0.79079771|0.73712683
Tuvalu|0.11268264|0.16374192|0.24819544|0.12347564|0.24407716|0.17112227|0.18601501|0.38901591|0.29569572|0.091078423|0.23299843|0.18721272|0.21143818|0.20145085|0.14373496|0.30303556|0.19943377|0.24976519|0.41892415|0.10970405|0.17407656|0.18307184|0.14512852|0.17407656|0.152944|0.029476618|0.20452601|0.13998814|0.17448792|0.22404888|0.2129254|0.40937847|0.23031907|0.29202813|0.20267141|0.50504428|0.14598757|0.13854891|0.21163672|0.14260371|0.23973465|0.17407656|0.62669992
Túnez|0.43449882|0.3433544|0.29243559|0.35918832|0.303146|0.38176852|0.41163597|0.19273588|0.43170497|0.57973796|0.15011422|0.30373508|0.43626794|0.66144907|0.41903824|0.48139673|0.40190142|0.52441514|0.13190275|0.35023844|0.20011878|0.42662966|0.49975657|0.20011878|0.37392315|0.29548308|0.16506732|0.47225222|0.29308575|0.30290732|0.26813138|0.40648943|0.50824511|0.39272362|0.65533823|0.24378833|0.63418925|0.6461277|0.035528649|0.50998616|0.58455229|0.20011878|0.35775393
Ucrania|0.32111546|0.66355908|0.48745954|0.68681735|0.65187049|0.55826879|0.56674552|0.34002754|0.32696652|0.80044818|0.5640341|0.40121239|0.67185032|0.69185174|0.58583236|0.48538256|0.63917089|0.54261458|0.60870397|0.75996023|0.51365805|0.66043186|0.37533954|0.51365805|0.55242997|0.65986371|0.65519321|0.51914692|0.4007948|0.50053555|0.44630945|0.53512776|0.43783712|0.33658731|0.34405494|0.47576982|0.59377015|0.60171485|0.65360951|0.52753425|0.63187575|0.51365805|0.69054246
Uganda|0.42832434|0.064747468|0.17376867|0.36413148|0.15271059|0.19929069|0.21796949|0.13258274|0.23469257|0.27270457|0.13080634|0.068026505|0.12775154|0.11933413|0.21678573|0.43272603|0.23384768|0.099216469|0.18684709|0.16319732|0.20337263|0.37450418|0.23033945|0.20337263|0.38426155|0.22250974|0.15232238|0.23443665|0.15732484|0.091178223|0.16792063|0.14753658|0.34111327|0.089976624|0.32000864|0.11860327|0.4253388|0.45361865|0.16661963|0.35640267|0.2708658|0.20337263|0.30537701
Uruguay|0.55050319|0.43168396|0.63454056|0.87839413|0.52739942|0.64336705|0.66004622|0.423594|0.59820199|0.82360089|0.52273095|0.68815923|0.68201298|0.61782265|0.66018426|0.70887649|0.66662091|0.5456242|0.55501908|0.56263852|0.66165006|0.61798221|0.61280859|0.66165006|0.59145093|0.58638847|0.52297246|0.57589495|0.50710618|0.38108873|0.6210314|0.65303981|0.58004785|0.51591504|0.44987333|0.54948175|0.59799194|0.63868177|0.74485523|0.63498008|0.567958|0.66165006|0.64561003
Uzbekistán|0.61455631|0.35825884|0.57149589|0.43288767|0.39241147|0.4451032|0.61639124|0.49865335|0.4451364|0.61427677|0.36425555|0.72614205|0.64132667|0.50934136|0.32592788|0.41888115|0.51717746|0.36091426|0.41280019|0.50628662|0.64288771|0.54133523|0.40355068|0.64288771|0.60017562|0.59611982|0.37647957|0.47559595|0.47795227|0.43559766|0.39467227|0.58699143|0.69497204|0.63396943|0.54897267|0.66552293|0.50693101|0.57665068|0.29467204|0.55374467|0.38694581|0.64288771|0.47225136
Vanuatu|0.17652574|0.25645408|0.25842056|0.039929792|0.257126|0.23555358|0.13970074|0.40972346|0.30171919|0.056760788|0.26646453|0.097451374|0.28577623|0.12652707|0.21313578|0.35898435|0.19418074|0.2671752|0.39831507|0.29341877|0.1109903|0.12634496|0.15907331|0.1109903|0.09286803|0.013936962|0.19299178|0.1094412|0.22420344|0.29562628|0.30607891|0.1918513|0.15390575|0.24679227|0.14277346|0.13813275|0.10284137|0.073408395|0.25134772|0.064492516|0.12507527|0.1109903|0.20942512
Venezuela|0.3741526|0.095539242|0.47374916|0.11414674|0.34990489|0.42216694|0.34885257|0.12883958|0.41643578|0.0035494049|0.25038379|0.02101828|0.26062933|0.17155498|0.43528044|0.12019865|0.45332295|0.27068657|0.45462972|0.20195858|0.052722599|0.28362337|0.20771661|0.052722599|0.25343406|0.12155006|0.21635126|0.29099372|0.323376|0.23455065|0.45352605|0.14183657|0.095556408|0.17753708|0.31391639|0.21200585|0.25943062|0.37233594|0.21526776|0.20492154|0.34397501|0.052722599|0.12486131
Vietnam|0.68081665|0.64319503|0.79537994|0.69178367|0.54909605|0.57577407|0.67809677|0.72280645|0.88150591|0.48994291|0.60032493|0.75358248|0.58712089|0.37536663|0.51900476|0.62786412|0.61201727|0.65275407|0.56317359|0.35351732|0.90580583|0.52792084|0.52135658|0.90580583|0.5202511|0.62776798|0.64085531|0.72839034|0.5837028|0.69590896|0.5021736|0.51399446|0.73977101|0.54629368|0.78955472|0.60979426|0.77962732|0.9412753|0.74140483|0.78906894|0.71106547|0.90580583|0.63406038
Yemen|0.27583265|0.13095453|0.44241241|0.15994526|0.25409329|0.31481749|0.26879248|0.42697001|0.54905725|0.11826862|0.29235387|0.11316997|0.42712039|0.32992893|0.40321535|0.060734674|0.37600416|0.28300005|0.10391356|0.12311058|0.14332847|0.22803001|0.33044821|0.14332847|0.22332995|0.096753001|0.41852114|0.11236857|0.32751697|0.52291656|0.23824647|0.19950485|0.19089788|0.27907366|0.49450421|0.21766034|0.29623502|0.2842631|0.020971006|0.15760279|0.34913117|0.14332847|0.099540159
Yibuti|0.767901|0.38665181|0.41511911|0.71138263|0.64522463|0.54858965|0.42152363|0.37993866|0.75086761|0.40950179|0.38580596|0.34716165|0.36704987|0.31772959|0.67337984|0.45761666|0.49499351|0.48386127|0.31165421|0.31467307|0.50114298|0.3236666|0.42614201|0.50114298|0.26442486|0.29156318|0.60428488|0.39339685|0.43445417|0.40702757|0.52887881|0.61673236|0.45854551|0.52950066|0.52903205|0.29057026|0.4414677|0.54730111|0.31524235|0.40335697|0.57905746|0.50114298|0.53975576
Zambia|0.38435474|0.44179532|0.12315094|0.664747|0.14769672|0.28687847|0.45165926|0.28264168|0.17955647|0.2847358|0.17612973|0.17902449|0.15822726|0.22491646|0.24401739|0.38248491|0.2219291|0.12424295|0.11066253|0.15954542|0.15576234|0.31575483|0.40765411|0.15576234|0.41084361|0.24321665|0.10180404|0.2313146|0.13067804|0.17332822|0.20554468|0.25396174|0.31606066|0.15447053|0.13795339|0.23348168|0.36234885|0.43712252|0.27845648|0.47090524|0.23526916|0.15576234|0.39324576
Zimbabue|0.43845326|0.14655538|0.1808278|0.55870986|0.13248692|0.26335561|0.33191699|0.17037457|0.27718309|0.10856393|0.14673451|0.13575608|0.11079062|0.078245804|0.18450488|0.34258717|0.21692155|0.10324619|0.053937502|0.1199099|0.28187412|0.26314679|0.35994762|0.28187412|0.33892816|0.32031906|0.082519963|0.25828522|0.14503875|0.18180066|0.18149893|0.26076347|0.37383628|0.1680267|0.22266844|0.22045967|0.41766396|0.38154837|0.23269102|0.4144423|0.16155696|0.28187412|0.32035807
